140.716          1e-05
140.829    1.02329e-05
140.946    1.04713e-05
141.064    1.07152e-05
141.185    1.09648e-05
141.309    1.12202e-05
141.435    1.14816e-05
141.564     1.1749e-05
141.695    1.20227e-05
141.829    1.23027e-05
141.966    1.25893e-05
142.105    1.28826e-05
142.247    1.31827e-05
142.393    1.34897e-05
142.541    1.38039e-05
142.692    1.41255e-05
142.846    1.44545e-05
143.003    1.47912e-05
143.164    1.51358e-05
143.327    1.54883e-05
143.494    1.58491e-05
143.664    1.62183e-05
143.837    1.65961e-05
144.014    1.69826e-05
144.194    1.73782e-05
144.378     1.7783e-05
144.565    1.81973e-05
144.756    1.86211e-05
144.951    1.90549e-05
145.149    1.94987e-05
145.351    1.99529e-05
145.557    2.04177e-05
145.767    2.08933e-05
145.981      2.138e-05
146.198     2.1878e-05
146.42    2.23876e-05
146.646    2.29091e-05
146.876    2.34427e-05
147.111    2.39888e-05
147.349    2.45476e-05
147.592    2.51194e-05
147.84    2.57045e-05
148.092    2.63033e-05
148.348     2.6916e-05
148.61    2.75429e-05
148.875    2.81845e-05
149.146     2.8841e-05
149.421    2.95128e-05
149.701    3.02003e-05
149.986    3.09038e-05
150.276    3.16236e-05
150.571    3.23602e-05
150.872     3.3114e-05
151.177    3.38854e-05
151.487    3.46747e-05
151.803    3.54824e-05
152.124    3.63089e-05
152.451    3.71546e-05
152.783    3.80201e-05
153.12    3.89057e-05
153.463     3.9812e-05
153.812    4.07393e-05
154.166    4.16883e-05
154.526    4.26594e-05
154.892    4.36531e-05
155.264    4.46699e-05
155.641    4.57104e-05
156.025    4.67752e-05
156.415    4.78647e-05
156.81    4.89797e-05
157.212    5.01206e-05
157.62    5.12881e-05
158.035    5.24827e-05
158.455    5.37052e-05
158.882    5.49562e-05
159.316    5.62364e-05
159.755    5.75463e-05
160.202    5.88868e-05
160.655    6.02584e-05
161.114    6.16621e-05
161.58    6.30984e-05
162.053    6.45682e-05
162.533    6.60722e-05
163.02    6.76113e-05
163.513    6.91862e-05
164.013    7.07977e-05
164.521    7.24469e-05
165.035    7.41344e-05
165.556    7.58613e-05
166.084    7.76284e-05
166.62    7.94366e-05
167.163    8.12869e-05
167.713    8.31804e-05
168.27     8.5118e-05
168.834    8.71007e-05
169.406    8.91296e-05
169.986    9.12057e-05
170.572    9.33302e-05
171.166    9.55042e-05
171.768    9.77288e-05
172.377    0.000100005
172.994    0.000102335
173.618    0.000104718
174.25    0.000107158
174.89    0.000109654
175.537    0.000112208
176.192    0.000114821
176.855    0.000117496
177.526    0.000120233
178.205    0.000123033
178.891    0.000125899
179.585    0.000128832
180.288    0.000131833
180.998    0.000134903
181.716    0.000138046
182.442    0.000141261
183.177    0.000144551
183.919    0.000147918
184.67    0.000151364
185.428     0.00015489
186.195    0.000158498
186.97    0.000162189
187.753    0.000165967
188.544    0.000169833
189.344    0.000173789
190.152    0.000177837
190.968    0.000181979
191.792    0.000186218
192.625    0.000190556
193.466    0.000194995
194.316    0.000199537
195.174    0.000204184
196.04     0.00020894
196.915    0.000213807
197.798    0.000218787
198.69    0.000223884
199.591    0.000229099
200.499    0.000234435
201.417    0.000239896
202.343    0.000245483
203.277    0.000251202
204.22    0.000257053
205.172     0.00026304
206.133    0.000269167
207.102    0.000275437
208.079    0.000281853
209.066    0.000288418
210.061    0.000295136
211.065    0.000302011
212.078    0.000309045
213.099    0.000316244
214.13     0.00032361
215.169    0.000331148
216.217    0.000338861
217.274    0.000346755
218.34    0.000354831
219.414    0.000363097
220.498    0.000371554
221.59    0.000380209
222.692    0.000389065
223.802    0.000398127
224.922    0.000407401
226.05    0.000416891
227.188    0.000426601
228.334    0.000436538
229.49    0.000446706
230.655    0.000457111
231.829    0.000467759
233.012    0.000478654
234.205    0.000489804
235.406    0.000501213
236.617    0.000512887
237.837    0.000524834
239.066    0.000537059
240.305    0.000549569
241.553     0.00056237
242.81    0.000575469
244.077    0.000588873
245.353     0.00060259
246.638    0.000616626
247.933    0.000630989
249.238    0.000645687
250.552    0.000660727
251.876    0.000676117
253.209    0.000691866
254.551    0.000707981
255.904    0.000724472
257.266    0.000741347
258.637    0.000758616
260.019    0.000776286
261.41    0.000794368
262.811    0.000812871
264.222    0.000831805
265.642    0.000851181
267.073    0.000871007
268.513    0.000891296
269.963    0.000912056
271.423    0.000933301
272.894     0.00095504
274.374    0.000977286
275.865     0.00100005
277.365     0.00102334
278.876     0.00104718
280.397     0.00107157
281.928     0.00109653
283.469     0.00112207
285.021     0.00114821
286.583     0.00117496
288.155     0.00120232
289.738     0.00123033
291.331     0.00125899
292.935     0.00128831
294.549     0.00131832
296.174     0.00134903
297.809     0.00138045
299.455     0.00141261
301.112     0.00144551
302.78     0.00147918
304.458     0.00151364
306.147     0.00154889
307.847     0.00158497
309.558     0.00162189
311.28     0.00165967
313.013     0.00169833
314.757     0.00173789
316.512     0.00177837
318.279     0.00181979
320.056     0.00186218
321.845     0.00190555
323.645     0.00194994
325.456     0.00199536
327.279     0.00204184
329.113      0.0020894
330.959     0.00213807
332.817     0.00218787
334.686     0.00223883
336.566     0.00229098
338.459     0.00234434
340.363     0.00239895
342.279     0.00245483
344.206     0.00251201
346.146     0.00257052
348.098      0.0026304
350.062     0.00269167
352.038     0.00275436
354.026     0.00281852
356.026     0.00288417
358.038     0.00295135
360.063      0.0030201
362.101     0.00309045
364.15     0.00316243
366.213     0.00323609
368.287     0.00331147
370.375     0.00338861
372.475     0.00346754
374.588     0.00354831
376.714     0.00363096
378.853     0.00371553
381.004     0.00380208
383.169     0.00389064
385.346     0.00398127
387.537       0.004074
389.741      0.0041689
391.959       0.004266
394.19     0.00436537
396.434     0.00446705
398.691      0.0045711
400.963     0.00467758
403.247     0.00478653
405.546     0.00489803
407.858     0.00501212
410.184     0.00512886
412.524     0.00524833
414.878     0.00537058
417.247     0.00549567
419.629     0.00562368
422.025     0.00575468
424.436     0.00588872
426.861     0.00602589
429.3     0.00616625
431.754     0.00630988
434.223     0.00645685
436.706     0.00660725
439.204     0.00676116
441.717     0.00691864
444.245      0.0070798
446.787     0.00724471
449.345     0.00741346
451.918     0.00758614
454.506     0.00776284
457.109     0.00794366
459.728     0.00812869
462.362     0.00831804
465.012     0.00851179
467.677     0.00871005
470.358     0.00891294
473.055     0.00912054
475.768     0.00933299
478.497     0.00955038
481.241     0.00977284
484.002      0.0100005
486.779      0.0102334
489.573      0.0104718
492.383      0.0107157
495.209      0.0109653
498.052      0.0112207
500.912      0.0114821
503.789      0.0117495
506.682      0.0120232
509.592      0.0123033
512.52      0.0125899
515.464      0.0128831
518.426      0.0131832
521.405      0.0134903
524.401      0.0138045
527.416       0.014126
530.447      0.0144551
533.497      0.0147918
536.564      0.0151363
539.649      0.0154889
542.752      0.0158497
545.874      0.0162189
549.013      0.0165967
552.171      0.0169832
555.347      0.0173788
558.542      0.0177836
561.756      0.0181979
564.988      0.0186217
568.239      0.0190555
571.509      0.0194994
574.798      0.0199536
578.107      0.0204183
581.434      0.0208939
584.781      0.0213806
588.148      0.0218786
591.534      0.0223883
594.939      0.0229098
598.365      0.0234434
601.81      0.0239895
605.276      0.0245482
608.762        0.02512
612.268      0.0257052
615.794      0.0263039
619.341      0.0269166
622.909      0.0275436
626.497      0.0281851
630.106      0.0288417
633.736      0.0295135
637.387      0.0302009
641.06      0.0309044
644.753      0.0316243
648.469      0.0323609
652.205      0.0331147
655.964       0.033886
659.744      0.0346753
663.546       0.035483
667.371      0.0363095
671.217      0.0371553
675.086      0.0380207
678.977      0.0389063
682.891      0.0398126
686.828      0.0407399
690.787      0.0416889
694.769      0.0426599
698.775      0.0436536
702.804      0.0446704
706.856      0.0457109
710.931      0.0467757
715.031      0.0478652
719.153      0.0489801
723.3       0.050121
727.471      0.0512885
731.666      0.0524832
735.886      0.0537057
740.13      0.0549566
744.398      0.0562367
748.691      0.0575466
753.009      0.0588871
757.352      0.0602587
761.721      0.0616623
766.114      0.0630986
770.533      0.0645684
774.978      0.0660724
779.448      0.0676114
783.944      0.0691863
788.466      0.0707978
793.015      0.0724469
797.59      0.0741344
802.191      0.0758612
806.819      0.0776283
811.474      0.0794365
816.155      0.0812868
820.864      0.0831802
825.6      0.0851177
830.364      0.0871003
835.155      0.0891292
839.974      0.0912052
844.82      0.0933297
849.695      0.0955036
854.598      0.0977282
859.53       0.100005
864.489       0.102334
869.478       0.104718
874.495       0.107157
879.542       0.109653
884.618       0.112207
889.723       0.114821
894.858       0.117495
900.022       0.120232
905.216       0.123032
910.441       0.125898
915.695       0.128831
920.98       0.131832
926.296       0.134902
931.642       0.138045
937.019        0.14126
942.428       0.144551
947.868       0.147918
953.339       0.151363
958.842       0.154889
964.376       0.158496
969.943       0.162188
975.542       0.165966
981.173       0.169832
986.837       0.173788
992.534       0.177836
998.264       0.181978
1004.03       0.186217
1009.82       0.190555
1015.65       0.194993
1021.52       0.199535
1027.41       0.204183
1033.35       0.208939
1039.31       0.213806
1045.31       0.218786
1051.35       0.223882
1057.42       0.229097
1063.52       0.234433
1069.66       0.239894
1075.84       0.245482
1082.05         0.2512
1088.3       0.257051
1094.58       0.263039
1100.9       0.269165
1107.26       0.275435
1113.65       0.281851
1120.08       0.288416
1126.55       0.295134
1133.06       0.302009
1139.6       0.309043
1146.18       0.316242
1152.8       0.323608
1159.46       0.331146
1166.16       0.338859
1172.89       0.346752
1179.66       0.354829
1186.48       0.363094
1193.33       0.371552
1200.22       0.380206
1207.15       0.389062
1214.13       0.398125
1221.14       0.407398
1228.19       0.416888
1235.29       0.426598
1242.42       0.436535
1249.6       0.446703
1256.82       0.457108
1264.08       0.467756
1271.38       0.478651
1278.73         0.4898
1286.11       0.501209
1293.54       0.512884
1301.02       0.524831
1308.53       0.537055
1316.09       0.549565
1323.7       0.562366
1331.35       0.575465
1339.04        0.58887
1346.78       0.602586
1354.56       0.616622
1362.39       0.630985
1370.26       0.645683
1378.18       0.660723
1386.14       0.676113
1394.15       0.691861
1402.21       0.707977
1410.31       0.724468
1418.46       0.741343
1426.66       0.758611
1434.91       0.776281
1443.2       0.794363
1451.55       0.812866
1459.94         0.8318
1468.38       0.851176
1476.86       0.871002
1485.4        0.89129
1493.99       0.912051
1502.63       0.933295
1511.32       0.955035
1520.05        0.97728
1528.84        1.00004
1537.68        1.02334
1546.58        1.04717
1555.52        1.07157
1564.51        1.09653
1573.56        1.12207
1582.66         1.1482
1591.82        1.17495
1601.03        1.20232
1610.29        1.23032
1619.6        1.25898
1628.97        1.28831
1638.4        1.31831
1647.87        1.34902
1657.41        1.38045
1667         1.4126
1676.65         1.4455
1686.35        1.47917
1696.11        1.51363
1705.92        1.54889
1715.8        1.58496
1725.73        1.62188
1735.72        1.65966
1745.77        1.69832
1755.87        1.73788
1766.04        1.77836
1776.27        1.81978
1786.55        1.86217
1796.9        1.90554
1807.3        1.94993
1817.77        1.99535
1828.3        2.04183
1838.89        2.08939
1849.54        2.13806
1860.26        2.18786
1871.04        2.23882
1881.88        2.29097
1892.79        2.34433
1903.76        2.39894
1914.79        2.45482
1925.89          2.512
1937.06        2.57051
1948.29        2.63038
1959.58        2.69165
1970.95        2.75435
1982.38        2.81851
1993.88        2.88416
2005.44        2.95134
2017.08        3.02008
2028.78        3.09043
2040.55        3.16242
2052.4        3.23608
2064.31        3.31146
2076.29        3.38859
2088.35        3.46752
2100.47        3.54829
2112.67        3.63094
2124.94        3.71551
2137.29        3.80206
2149.7        3.89062
2162.2        3.98124
2174.76        4.07398
2187.4        4.16887
2200.12        4.26598
2212.91        4.36535
2225.78        4.46703
2238.73        4.57108
2251.75        4.67755
2264.85        4.78651
2278.03          4.898
2291.29        5.01209
2304.63        5.12884
2318.05         5.2483
2331.55        5.37055
2345.13        5.49565
2358.79        5.62366
2372.54        5.75465
2386.36        5.88869
2400.28        6.02586
2414.27        6.16622
2428.35        6.30984
2442.52        6.45682
2456.77        6.60722
2471.11        6.76112
2485.54        6.91861
2500.06        7.07976
2514.66        7.24467
2529.35        7.41342
2544.14         7.5861
2559.01         7.7628
2573.97        7.94362
2589.03        8.12865
2604.18        8.31799
2619.42        8.51174
2634.76        8.71001
2650.19        8.91289
2665.72         9.1205
2681.34        9.33294
2697.06        9.55033
2712.88        9.77279
2728.79        10.0004
2744.81        10.2334
2760.92        10.4717
2777.14        10.7156
2793.46        10.9652
2809.88        11.2207
2826.4         11.482
2843.03        11.7495
2859.76        12.0232
2876.6        12.3032
2893.54        12.5898
2910.6         12.883
2927.76        13.1831
2945.03        13.4902
2962.41        13.8044
2979.9         14.126
2997.51         14.455
3015.22        14.7917
3033.06        15.1363
3051        15.4888
3069.07        15.8496
3087.25        16.2188
3105.55        16.5966
3123.96        16.9832
3142.5        17.3787
3161.16        17.7835
3179.94        18.1978
3198.85        18.6217
3217.88        19.0554
3237.04        19.4993
3256.32        19.9535
3275.73        20.4182
3295.28        20.8938
3314.95        21.3805
3334.75        21.8785
3354.69        22.3881
3374.77        22.9096
3394.98        23.4433
3415.32        23.9893
3435.81        24.5481
3456.43        25.1199
3477.2         25.705
3498.11        26.3038
3519.17        26.9165
3540.37        27.5434
3561.72         28.185
3583.21        28.8415
3604.86        29.5133
3626.66        30.2008
3648.62        30.9042
3670.73        31.6241
3692.99        32.3607
3715.42        33.1145
3738.01        33.8858
3760.76        34.6751
3783.67        35.4828
3806.75        36.3093
3830        37.1551
3853.42        38.0205
3877.01        38.9061
3900.77        39.8124
3924.71        40.7397
3948.83        41.6887
3973.13        42.6597
3997.61        43.6534
4022.27        44.6702
4047.12        45.7107
4072.17        46.7754
4097.4         47.865
4122.82        48.9799
4148.45        50.1208
4174.27        51.2882
4200.29        52.4829
4226.52        53.7054
4252.95        54.9563
4279.59        56.2364
4306.44        57.5463
4333.51        58.8868
4360.79        60.2584
4388.3         61.662
4416.02        63.0983
4443.98        64.5681
4472.16         66.072
4500.57        67.6111
4529.22        69.1859
4558.11        70.7975
4587.24        72.4465
4616.61         74.134
4646.23        75.8608
4676.11        77.6279
4706.24         79.436
4736.63        81.2863
4767.28        83.1797
4798.2        85.1173
4829.38        87.0999
4860.84        89.1287
4892.58        91.2048
4924.61        93.3292
4956.91        95.5031
4989.51        97.7277
5022.41        100.004
