562.926          1e-06
560.671    1.02329e-06
558.429    1.04713e-06
556.201    1.07152e-06
553.989    1.09648e-06
551.792    1.12202e-06
549.612    1.14816e-06
547.451     1.1749e-06
545.307    1.20227e-06
543.184    1.23027e-06
541.081    1.25893e-06
539    1.28826e-06
536.942    1.31827e-06
534.907    1.34897e-06
532.897    1.38039e-06
530.911    1.41255e-06
528.952    1.44545e-06
527.019    1.47912e-06
525.113    1.51358e-06
523.234    1.54883e-06
521.383    1.58491e-06
519.561    1.62183e-06
517.766    1.65961e-06
516    1.69826e-06
514.262    1.73782e-06
512.553     1.7783e-06
510.871    1.81973e-06
509.217    1.86211e-06
507.59    1.90549e-06
505.989    1.94987e-06
504.414    1.99529e-06
502.865    2.04177e-06
501.34    2.08933e-06
499.839      2.138e-06
498.36     2.1878e-06
496.903    2.23876e-06
495.466    2.29091e-06
494.049    2.34427e-06
492.65    2.39888e-06
491.269    2.45476e-06
489.904    2.51194e-06
488.554    2.57045e-06
487.218    2.63033e-06
485.895     2.6916e-06
484.583    2.75429e-06
483.282    2.81845e-06
481.99     2.8841e-06
480.707    2.95128e-06
479.432    3.02003e-06
478.163    3.09038e-06
476.9    3.16236e-06
475.642    3.23602e-06
474.389     3.3114e-06
473.14    3.38854e-06
471.893    3.46747e-06
470.65    3.54824e-06
469.409    3.63089e-06
468.17    3.71546e-06
466.933    3.80201e-06
465.698    3.89057e-06
464.464     3.9812e-06
463.232    4.07393e-06
462.002    4.16883e-06
460.773    4.26594e-06
459.547    4.36531e-06
458.323    4.46699e-06
457.102    4.57104e-06
455.884    4.67752e-06
454.67    4.78647e-06
453.46    4.89797e-06
452.255    5.01206e-06
451.055    5.12881e-06
449.86    5.24827e-06
448.673    5.37052e-06
447.493    5.49562e-06
446.321    5.62364e-06
445.158    5.75463e-06
444.005    5.88868e-06
442.862    6.02584e-06
441.73    6.16621e-06
440.61    6.30984e-06
439.503    6.45682e-06
438.41    6.60722e-06
437.331    6.76113e-06
436.267    6.91862e-06
435.219    7.07977e-06
434.187    7.24469e-06
433.172    7.41344e-06
432.175    7.58613e-06
431.197    7.76284e-06
430.237    7.94366e-06
429.297    8.12869e-06
428.377    8.31804e-06
427.477     8.5118e-06
426.598    8.71007e-06
425.74    8.91296e-06
424.903    9.12057e-06
424.087    9.33302e-06
423.294    9.55042e-06
422.522    9.77288e-06
421.772    1.00005e-05
421.043    1.02335e-05
420.336    1.04718e-05
419.651    1.07158e-05
418.987    1.09654e-05
418.343    1.12208e-05
417.721    1.14822e-05
417.119    1.17496e-05
416.536    1.20233e-05
415.973    1.23034e-05
415.429      1.259e-05
414.903    1.28832e-05
414.395    1.31833e-05
413.904    1.34904e-05
413.43    1.38047e-05
412.971    1.41262e-05
412.528    1.44553e-05
412.099     1.4792e-05
411.683    1.51366e-05
411.281    1.54891e-05
410.891    1.58499e-05
410.512    1.62191e-05
410.144    1.65969e-05
409.786    1.69835e-05
409.437    1.73791e-05
409.098     1.7784e-05
408.766    1.81982e-05
408.441    1.86221e-05
408.123    1.90559e-05
407.811    1.94998e-05
407.505     1.9954e-05
407.204    2.04188e-05
406.906    2.08944e-05
406.613    2.13811e-05
406.324    2.18792e-05
406.037    2.23888e-05
405.753    2.29103e-05
405.471     2.3444e-05
405.191    2.39901e-05
404.912    2.45489e-05
404.634    2.51207e-05
404.358    2.57059e-05
404.082    2.63046e-05
403.806    2.69174e-05
403.531    2.75444e-05
403.255     2.8186e-05
402.98    2.88425e-05
402.704    2.95144e-05
402.428    3.02019e-05
402.151    3.09054e-05
401.873    3.16253e-05
401.595    3.23619e-05
401.315    3.31158e-05
401.035    3.38871e-05
400.754    3.46765e-05
400.471    3.54842e-05
400.188    3.63108e-05
399.903    3.71566e-05
399.617    3.80221e-05
399.329    3.89078e-05
399.041    3.98141e-05
398.751    4.07415e-05
398.459    4.16905e-05
398.166    4.26616e-05
397.872    4.36554e-05
397.576    4.46722e-05
397.279    4.57128e-05
396.98    4.67776e-05
396.679    4.78672e-05
396.377    4.89822e-05
396.073    5.01232e-05
395.768    5.12908e-05
395.461    5.24855e-05
395.152    5.37081e-05
394.842    5.49591e-05
394.53    5.62393e-05
394.216    5.75493e-05
393.9    5.88899e-05
393.582    6.02616e-05
393.263    6.16653e-05
392.942    6.31017e-05
392.618    6.45716e-05
392.293    6.60757e-05
391.966    6.76148e-05
391.637    6.91898e-05
391.305    7.08015e-05
390.972    7.24507e-05
390.637    7.41383e-05
390.299    7.58653e-05
389.96    7.76324e-05
389.618    7.94408e-05
389.274    8.12912e-05
388.928    8.31848e-05
388.579    8.51225e-05
388.228    8.71053e-05
387.875    8.91343e-05
387.52    9.12105e-05
387.162    9.33351e-05
386.801    9.55092e-05
386.439     9.7734e-05
386.073     0.00010001
385.705     0.00010234
385.335    0.000104724
384.962    0.000107163
384.586    0.000109659
384.208    0.000112214
383.827    0.000114827
383.443    0.000117502
383.057    0.000120239
382.667     0.00012304
382.275    0.000125906
381.88    0.000128838
381.482    0.000131839
381.081     0.00013491
380.677    0.000138053
380.27    0.000141269
379.86    0.000144559
379.446    0.000147926
379.03    0.000151372
378.61    0.000154898
378.187    0.000158506
377.761    0.000162198
377.332    0.000165976
376.899    0.000169842
376.463    0.000173798
376.023    0.000177846
375.58    0.000181989
375.133    0.000186228
374.683    0.000190566
374.229    0.000195005
373.771    0.000199547
373.31    0.000204195
372.845    0.000208951
372.376    0.000213818
371.903    0.000218799
371.427    0.000223895
370.946    0.000229111
370.462    0.000234447
369.973    0.000239908
369.481    0.000245496
368.984    0.000251215
368.483    0.000257066
367.978    0.000263054
367.469    0.000269181
366.956    0.000275451
366.438    0.000281868
365.916    0.000288433
365.389    0.000295152
364.858    0.000302027
364.322    0.000309062
363.782    0.000316261
363.237    0.000323627
362.688    0.000331165
362.134    0.000338879
361.575    0.000346773
361.011     0.00035485
360.443    0.000363116
359.87    0.000371574
359.291    0.000380229
358.708    0.000389085
358.12    0.000398148
357.526    0.000407422
356.928    0.000416913
356.324    0.000426624
355.715    0.000436561
355.101     0.00044673
354.482    0.000457135
353.857    0.000467783
353.227     0.00047868
352.592    0.000489829
351.951    0.000501239
351.304    0.000512914
350.653    0.000524862
349.995    0.000537087
349.332    0.000549598
348.663    0.000562399
347.989    0.000575499
347.309    0.000588904
346.623    0.000602622
345.931    0.000616659
345.234    0.000631022
344.53    0.000645721
343.821    0.000660762
343.106    0.000676153
342.385    0.000691902
341.658    0.000708019
340.925    0.000724511
340.185    0.000741387
339.44    0.000758656
338.689    0.000776327
337.932     0.00079441
337.169    0.000812914
336.399    0.000831849
335.624    0.000851226
334.842    0.000871053
334.054    0.000891343
333.26    0.000912105
332.46     0.00093335
331.654    0.000955091
330.841    0.000977338
330.023      0.0010001
329.198      0.0010234
328.367     0.00104724
327.53     0.00107163
326.687     0.00109659
325.838     0.00112213
324.983     0.00114827
324.122     0.00117502
323.255     0.00120239
322.382     0.00123039
321.503     0.00125905
320.618     0.00128838
319.727     0.00131839
318.831      0.0013491
317.929     0.00138053
317.021     0.00141268
316.108     0.00144559
315.189     0.00147926
314.265     0.00151372
313.336     0.00154897
312.401     0.00158506
311.461     0.00162198
310.516     0.00165976
309.567     0.00169842
308.612     0.00173798
307.653     0.00177846
306.689     0.00181989
305.721     0.00186228
304.749     0.00190566
303.772     0.00195004
302.792     0.00199547
301.808     0.00204195
300.82     0.00208951
299.829     0.00213818
298.835     0.00218798
297.838     0.00223895
296.837      0.0022911
295.835     0.00234447
294.83     0.00239908
293.823     0.00245496
292.814     0.00251214
291.804     0.00257066
290.792     0.00263054
289.78     0.00269181
288.766     0.00275451
287.753     0.00281867
286.739     0.00288432
285.725     0.00295151
284.712     0.00302026
283.7     0.00309061
282.689      0.0031626
281.68     0.00323627
280.673     0.00331165
279.668     0.00338879
278.666     0.00346772
277.667     0.00354849
276.672     0.00363115
275.681     0.00371573
274.694     0.00380228
273.712     0.00389085
272.735     0.00398148
271.764     0.00407422
270.8     0.00416912
269.842     0.00426623
268.891      0.0043656
267.948     0.00446729
267.013     0.00457134
266.086     0.00467782
265.169     0.00478679
264.261     0.00489828
263.363     0.00501238
262.475     0.00512913
261.598     0.00524861
260.733     0.00537086
259.88     0.00549596
259.039     0.00562398
258.211     0.00575498
257.396     0.00588903
256.594      0.0060262
255.807     0.00616657
255.034     0.00631021
254.276     0.00645719
253.534      0.0066076
252.807     0.00676151
252.095     0.00691901
251.4     0.00708017
250.722     0.00724509
250.06     0.00741385
249.416     0.00758654
248.788     0.00776325
248.179     0.00794408
247.586     0.00812912
247.012     0.00831847
246.456     0.00851224
245.917     0.00871051
245.397     0.00891341
244.894     0.00912103
244.41     0.00933348
243.944     0.00955089
243.495     0.00977335
243.065       0.010001
242.653       0.010234
242.258      0.0104723
241.88      0.0107163
241.52      0.0109659
241.177      0.0112213
240.851      0.0114827
240.541      0.0117502
240.247      0.0120239
239.969      0.0123039
239.707      0.0125905
239.46      0.0128838
239.228      0.0131839
239.011       0.013491
238.807      0.0138052
238.617      0.0141268
238.44      0.0144558
238.276      0.0147926
238.125      0.0151371
237.985      0.0154897
237.857      0.0158505
237.74      0.0162197
237.634      0.0165975
237.537      0.0169841
237.451      0.0173797
237.373      0.0177846
237.305      0.0181988
237.245      0.0186227
237.193      0.0190565
237.148      0.0195004
237.111      0.0199546
237.081      0.0204194
237.057       0.020895
237.039      0.0213818
237.027      0.0218798
237.02      0.0223894
237.019       0.022911
237.022      0.0234446
237.03      0.0239907
237.042      0.0245495
237.059      0.0251214
237.079      0.0257065
237.102      0.0263053
237.129       0.026918
237.159       0.027545
237.192      0.0281866
237.228      0.0288432
237.266       0.029515
237.307      0.0302025
237.35       0.030906
237.395      0.0316259
237.443      0.0323626
237.492      0.0331164
237.543      0.0338878
237.596      0.0346771
237.651      0.0354849
237.708      0.0363114
237.766      0.0371572
237.826      0.0380227
237.888      0.0389084
237.951      0.0398147
238.015      0.0407421
238.081      0.0416911
238.149      0.0426622
238.218      0.0436559
238.288      0.0446728
238.36      0.0457133
238.434      0.0467781
238.509      0.0478677
238.585      0.0489827
238.663      0.0501237
238.743      0.0512912
238.824      0.0524859
238.907      0.0537085
238.991      0.0549595
239.077      0.0562397
239.165      0.0575497
239.254      0.0588902
239.346      0.0602619
239.438      0.0616656
239.533       0.063102
239.63      0.0645718
239.728      0.0660759
239.828       0.067615
239.931      0.0691899
240.035      0.0708016
240.141      0.0724507
240.249      0.0741383
240.36      0.0758652
240.472      0.0776324
240.587      0.0794406
240.704      0.0812911
240.823      0.0831846
240.945      0.0851222
241.069      0.0871049
241.195      0.0891339
241.324      0.0912101
241.456      0.0933346
241.59      0.0955086
241.726      0.0977333
241.866        0.10001
242.008       0.102339
242.152       0.104723
242.3       0.107162
242.451       0.109659
242.604       0.112213
242.761       0.114827
242.92       0.117501
243.083       0.120238
243.249       0.123039
243.418       0.125905
243.59       0.128838
243.766       0.131839
243.945        0.13491
244.128       0.138052
244.314       0.141268
244.504       0.144558
244.698       0.147925
244.895       0.151371
245.096       0.154897
245.301       0.158505
245.511       0.162197
245.724       0.165975
245.941       0.169841
246.163       0.173797
246.388       0.177845
246.618       0.181988
246.853       0.186227
247.092       0.190565
247.336       0.195003
247.584       0.199546
247.837       0.204194
248.095        0.20895
248.358       0.213817
248.626       0.218797
248.899       0.223894
249.177       0.229109
249.46       0.234446
249.749       0.239907
250.043       0.245495
250.343       0.251213
250.648       0.257065
250.959       0.263052
251.276        0.26918
251.599        0.27545
251.928       0.281866
252.262       0.288431
252.603        0.29515
252.95       0.302025
253.304        0.30906
253.664       0.316258
254.031       0.323625
254.404       0.331163
254.784       0.338877
255.171       0.346771
255.565       0.354848
255.966       0.363113
256.374       0.371571
256.789       0.380226
257.212       0.389083
257.642       0.398146
258.08        0.40742
258.525        0.41691
258.978       0.426621
259.439       0.436558
259.908       0.446727
260.386       0.457132
260.871        0.46778
261.365       0.478676
261.867       0.489826
262.377       0.501236
262.896       0.512911
263.424       0.524858
263.961       0.537084
264.507       0.549594
265.061       0.562396
265.625       0.575496
266.198       0.588901
266.78       0.602618
267.372       0.616655
267.974       0.631018
268.585       0.645717
269.206       0.660757
269.836       0.676148
270.477       0.691898
271.128       0.708014
271.788       0.724506
272.46       0.741382
273.141       0.758651
273.833       0.776322
274.536       0.794405
275.249       0.812909
275.973       0.831844
276.708        0.85122
277.454       0.871048
278.211       0.891337
278.979       0.912099
279.758       0.933345
280.549       0.955085
281.351       0.977332
282.164         1.0001
282.99        1.02339
283.827        1.04723
284.675        1.07162
285.536        1.09658
286.409        1.12213
287.293        1.14826
288.19        1.17501
289.099        1.20238
290.02        1.23039
290.954        1.25905
291.9        1.28837
292.859        1.31838
293.831        1.34909
294.815        1.38052
295.812        1.41267
296.822        1.44558
297.845        1.47925
298.88        1.51371
299.929        1.54897
300.991        1.58505
302.067        1.62197
303.155        1.65975
304.258        1.69841
305.373        1.73797
306.502        1.77845
307.645        1.81988
308.801        1.86227
309.971        1.90565
311.155        1.95003
312.353        1.99546
313.564        2.04194
314.79         2.0895
316.029        2.13817
317.283        2.18797
318.551        2.23894
319.833        2.29109
321.13        2.34446
322.44        2.39906
323.766        2.45495
325.105        2.51213
326.46        2.57064
327.828        2.63052
329.212        2.69179
330.61        2.75449
332.023        2.81865
333.45        2.88431
334.893        2.95149
336.35        3.02024
337.823        3.09059
339.31        3.16258
340.813        3.23625
342.331        3.31163
343.863        3.38877
345.412         3.4677
346.975        3.54848
348.554        3.63113
350.148        3.71571
351.758        3.80226
353.383        3.89083
355.024        3.98145
356.681        4.07419
358.353        4.16909
360.041         4.2662
361.744        4.36558
363.464        4.46726
365.2        4.57132
366.951         4.6778
368.719        4.78676
370.503        4.89826
372.303        5.01235
374.119        5.12911
375.951        5.24858
377.8        5.37083
379.666        5.49594
381.547        5.62395
383.446        5.75495
385.361          5.889
387.293        6.02617
389.241        6.16654
391.207        6.31018
393.189        6.45716
395.188        6.60757
397.204        6.76148
399.238        6.91897
401.289        7.08013
403.357        7.24505
405.442        7.41381
407.545         7.5865
409.666        7.76321
411.804        7.94404
413.96        8.12908
416.134        8.31843
418.325        8.51219
420.535        8.71047
422.763        8.91336
425.009        9.12098
427.273        9.33343
429.556        9.55084
431.857         9.7733
434.177         10.001
436.515        10.2339
438.873        10.4723
441.249        10.7162
443.645        10.9658
446.059        11.2213
448.493        11.4826
450.947        11.7501
453.42        12.0238
455.912        12.3039
458.425        12.5905
460.957        12.8837
463.51        13.1838
466.083        13.4909
468.676        13.8052
471.289        14.1267
473.924        14.4558
476.579        14.7925
479.255         15.137
481.953        15.4896
484.671        15.8504
487.411        16.2196
490.173        16.5974
492.957         16.984
495.762        17.3797
498.59        17.7845
501.44        18.1987
504.313        18.6226
507.208        19.0564
510.127        19.5003
513.068        19.9545
516.033        20.4193
519.022        20.8949
522.034        21.3816
525.071        21.8797
528.131        22.3893
531.216        22.9108
534.326        23.4445
537.461        23.9906
540.621        24.5494
543.806        25.1212
547.017        25.7064
550.254        26.3052
553.517        26.9179
556.807        27.5449
560.124        28.1865
563.467         28.843
566.838        29.5149
570.237        30.2024
573.664        30.9059
577.119        31.6258
580.602        32.3624
584.115        33.1162
587.656        33.8876
591.227        34.6769
594.829        35.4847
598.46        36.3112
602.122         37.157
605.815        38.0225
609.54        38.9082
613.296        39.8145
617.085        40.7419
620.906        41.6909
624.76         42.662
628.647        43.6557
632.568        44.6726
636.523        45.7131
640.513        46.7779
644.539        47.8675
648.599        48.9825
652.696        50.1234
656.829        51.2909
661        52.4857
665.208        53.7082
669.454        54.9592
673.738        56.2394
678.062        57.5494
682.425        58.8899
686.828        60.2616
691.272        61.6653
695.758        63.1016
700.285        64.5715
704.854        66.0755
709.467        67.6146
714.124        69.1896
718.824        70.8012
723.57        72.4504
728.361        74.1379
733.199        75.8648
738.084         77.632
743.016        79.4402
747.996        81.2906
753.026        83.1841
758.106        85.1217
763.236        87.1045
768.417        89.1334
773.65        91.2096
778.937        93.3341
784.277        95.5081
789.671        97.7328
795.121        100.009
800.627        102.339
806.189        104.723
811.81        107.162
817.49        109.658
823.229        112.212
829.029        114.826
834.89        117.501
840.814        120.238
846.801        123.038
852.852        125.904
858.969        128.837
865.153        131.838
871.404        134.909
877.723        138.051
884.112        141.267
890.571        144.557
897.102        147.925
903.707         151.37
910.385        154.896
917.138        158.504
923.967        162.196
930.874        165.974
937.86         169.84
944.925        173.796
952.072        177.844
959.3        181.987
966.613        186.226
974.01        190.564
981.494        195.003
989.065        199.545
996.725        204.193
1004.48        208.949
1012.32        213.816
1020.25        218.796
1028.28        223.893
1036.41        229.108
1044.63        234.445
1052.95        239.905
1061.37        245.494
1069.89        251.212
1078.52        257.063
1087.25        263.051
1096.09        269.178
1105.03        275.448
1114.09        281.864
1123.26         288.43
1132.53        295.148
1141.93        302.023
1151.44        309.058
1161.06        316.257
1170.81        323.623
1180.68        331.162
1190.67        338.875
1200.78        346.769
1211.03        354.846
1221.4        363.111
1231.9        371.569
1242.53        380.224
1253.29        389.081
1264.2        398.144
1275.23        407.418
1286.41        416.908
1297.73        426.619
1309.2        436.556
1320.8        446.725
1332.56         457.13
1344.46        467.778
1356.52        478.674
1368.73        489.824
1381.09        501.233
1393.62        512.908
1406.3        524.856
1419.14        537.081
1432.15        549.591
1445.32        562.393
1458.66        575.493
1472.18        588.898
1485.86        602.615
1499.72        616.651
1513.75        631.015
1527.97        645.713
1542.37        660.754
1556.95        676.145
1571.71        691.894
1586.67        708.011
1601.82        724.502
1617.15        741.378
1632.69        758.647
1648.42        776.318
1664.36        794.401
1680.5        812.905
1696.84         831.84
1713.39        851.216
1730.15        871.043
1747.13        891.332
1764.32        912.094
1781.73        933.339
1799.36         955.08
1817.22        977.326
1835.3        1000.09
