4252.32          1e-09
4250.22    1.02329e-09
4248.12    1.04713e-09
4246.02    1.07152e-09
4243.91    1.09648e-09
4241.81    1.12202e-09
4239.7    1.14816e-09
4237.6     1.1749e-09
4235.49    1.20227e-09
4233.38    1.23027e-09
4231.26    1.25893e-09
4229.15    1.28826e-09
4227.03    1.31827e-09
4224.92    1.34897e-09
4222.8    1.38039e-09
4220.67    1.41255e-09
4218.55    1.44545e-09
4216.42    1.47912e-09
4214.29    1.51358e-09
4212.16    1.54883e-09
4210.03    1.58491e-09
4207.89    1.62183e-09
4205.75    1.65961e-09
4203.61    1.69826e-09
4201.47    1.73782e-09
4199.32     1.7783e-09
4197.17    1.81973e-09
4195.02    1.86211e-09
4192.87    1.90549e-09
4190.71    1.94987e-09
4188.55    1.99529e-09
4186.38    2.04177e-09
4184.21    2.08933e-09
4182.04      2.138e-09
4179.87     2.1878e-09
4177.69    2.23876e-09
4175.51    2.29091e-09
4173.33    2.34427e-09
4171.14    2.39888e-09
4168.95    2.45476e-09
4166.75    2.51194e-09
4164.55    2.57045e-09
4162.35    2.63033e-09
4160.14     2.6916e-09
4157.93    2.75429e-09
4155.71    2.81845e-09
4153.49     2.8841e-09
4151.27    2.95128e-09
4149.04    3.02003e-09
4146.81    3.09038e-09
4144.57    3.16236e-09
4142.33    3.23602e-09
4140.08     3.3114e-09
4137.83    3.38854e-09
4135.58    3.46747e-09
4133.32    3.54824e-09
4131.05    3.63089e-09
4128.78    3.71546e-09
4126.51    3.80201e-09
4124.23    3.89057e-09
4121.95     3.9812e-09
4119.66    4.07393e-09
4117.37    4.16883e-09
4115.07    4.26594e-09
4112.76    4.36531e-09
4110.46    4.46699e-09
4108.14    4.57104e-09
4105.82    4.67752e-09
4103.5    4.78647e-09
4101.17    4.89797e-09
4098.84    5.01206e-09
4096.5    5.12881e-09
4094.16    5.24827e-09
4091.81    5.37052e-09
4089.46    5.49562e-09
4087.1    5.62364e-09
4084.74    5.75463e-09
4082.38    5.88868e-09
4080.01    6.02584e-09
4077.63    6.16621e-09
4075.25    6.30984e-09
4072.87    6.45682e-09
4070.48    6.60722e-09
4068.08    6.76113e-09
4065.69    6.91862e-09
4063.29    7.07977e-09
4060.88    7.24469e-09
4058.47    7.41344e-09
4056.06    7.58613e-09
4053.64    7.76284e-09
4051.23    7.94366e-09
4048.8    8.12869e-09
4046.38    8.31804e-09
4043.95     8.5118e-09
4041.52    8.71007e-09
4039.09    8.91296e-09
4036.65    9.12057e-09
4034.21    9.33302e-09
4031.78    9.55042e-09
4029.34    9.77288e-09
4026.89    1.00005e-08
4024.45    1.02335e-08
4022.01    1.04718e-08
4019.56    1.07158e-08
4017.12    1.09654e-08
4014.68    1.12208e-08
4012.23    1.14822e-08
4009.79    1.17496e-08
4007.35    1.20233e-08
4004.91    1.23034e-08
4002.47      1.259e-08
4000.03    1.28832e-08
3997.6    1.31833e-08
3995.17    1.34904e-08
3992.74    1.38047e-08
3990.31    1.41262e-08
3987.89    1.44553e-08
3985.47     1.4792e-08
3983.06    1.51366e-08
3980.65    1.54891e-08
3978.24    1.58499e-08
3975.84    1.62191e-08
3973.45    1.65969e-08
3971.06    1.69835e-08
3968.68    1.73791e-08
3966.3     1.7784e-08
3963.93    1.81982e-08
3961.57    1.86221e-08
3959.22    1.90559e-08
3956.87    1.94998e-08
3954.53     1.9954e-08
3952.2    2.04188e-08
3949.88    2.08944e-08
3947.57    2.13811e-08
3945.27    2.18792e-08
3942.97    2.23888e-08
3940.69    2.29103e-08
3938.41     2.3444e-08
3936.14    2.39901e-08
3933.89    2.45489e-08
3931.64    2.51207e-08
3929.41    2.57059e-08
3927.18    2.63046e-08
3924.96    2.69174e-08
3922.76    2.75444e-08
3920.56     2.8186e-08
3918.38    2.88425e-08
3916.2    2.95144e-08
3914.04    3.02019e-08
3911.88    3.09054e-08
3909.74    3.16253e-08
3907.6    3.23619e-08
3905.48    3.31158e-08
3903.36    3.38871e-08
3901.25    3.46765e-08
3899.16    3.54842e-08
3897.07    3.63108e-08
3894.99    3.71566e-08
3892.92    3.80221e-08
3890.86    3.89078e-08
3888.81    3.98141e-08
3886.76    4.07415e-08
3884.72    4.16905e-08
3882.7    4.26616e-08
3880.67    4.36554e-08
3878.66    4.46722e-08
3876.65    4.57128e-08
3874.65    4.67776e-08
3872.65    4.78672e-08
3870.67    4.89822e-08
3868.68    5.01232e-08
3866.7    5.12908e-08
3864.73    5.24855e-08
3862.76    5.37081e-08
3860.8    5.49591e-08
3858.84    5.62393e-08
3856.89    5.75493e-08
3854.94    5.88899e-08
3852.99    6.02616e-08
3851.05    6.16653e-08
3849.11    6.31017e-08
3847.17    6.45716e-08
3845.24    6.60757e-08
3843.31    6.76148e-08
3841.39    6.91898e-08
3839.46    7.08015e-08
3837.54    7.24507e-08
3835.62    7.41383e-08
3833.71    7.58653e-08
3831.79    7.76324e-08
3829.88    7.94408e-08
3827.97    8.12912e-08
3826.07    8.31848e-08
3824.16    8.51225e-08
3822.26    8.71053e-08
3820.36    8.91343e-08
3818.46    9.12105e-08
3816.57    9.33351e-08
3814.67    9.55092e-08
3812.78     9.7734e-08
3810.89    1.00011e-07
3809     1.0234e-07
3807.12    1.04724e-07
3805.23    1.07163e-07
3803.35     1.0966e-07
3801.47    1.12214e-07
3799.59    1.14828e-07
3797.72    1.17503e-07
3795.84     1.2024e-07
3793.97     1.2304e-07
3792.1    1.25906e-07
3790.24    1.28839e-07
3788.37     1.3184e-07
3786.51    1.34911e-07
3784.65    1.38054e-07
3782.79     1.4127e-07
3780.93     1.4456e-07
3779.08    1.47928e-07
3777.23    1.51374e-07
3775.38      1.549e-07
3773.53    1.58508e-07
3771.68      1.622e-07
3769.84    1.65978e-07
3767.99    1.69844e-07
3766.15    1.73801e-07
3764.31    1.77849e-07
3762.48    1.81992e-07
3760.64    1.86231e-07
3758.81    1.90569e-07
3756.98    1.95008e-07
3755.15     1.9955e-07
3753.32    2.04199e-07
3751.5    2.08955e-07
3749.68    2.13822e-07
3747.85    2.18803e-07
3746.03      2.239e-07
3744.21    2.29115e-07
3742.4    2.34452e-07
3740.58    2.39913e-07
3738.77    2.45502e-07
3736.95     2.5122e-07
3735.14    2.57072e-07
3733.33     2.6306e-07
3731.53    2.69188e-07
3729.72    2.75458e-07
3727.91    2.81875e-07
3726.11    2.88441e-07
3724.31    2.95159e-07
3722.51    3.02035e-07
3720.7     3.0907e-07
3718.91    3.16269e-07
3717.11    3.23636e-07
3715.31    3.31175e-07
3713.52    3.38889e-07
3711.72    3.46783e-07
3709.93    3.54861e-07
3708.14    3.63127e-07
3706.34    3.71586e-07
3704.55    3.80241e-07
3702.77    3.89098e-07
3700.98    3.98162e-07
3699.19    4.07436e-07
3697.41    4.16927e-07
3695.62    4.26639e-07
3693.84    4.36577e-07
3692.06    4.46746e-07
3690.28    4.57152e-07
3688.5    4.67801e-07
3686.72    4.78698e-07
3684.94    4.89848e-07
3683.16    5.01259e-07
3681.39    5.12935e-07
3679.61    5.24883e-07
3677.84    5.37109e-07
3676.07     5.4962e-07
3674.3    5.62423e-07
3672.53    5.75524e-07
3670.76     5.8893e-07
3668.99    6.02648e-07
3667.22    6.16686e-07
3665.46     6.3105e-07
3663.69     6.4575e-07
3661.93    6.60792e-07
3660.17    6.76184e-07
3658.41    6.91935e-07
3656.65    7.08052e-07
3654.89    7.24545e-07
3653.13    7.41422e-07
3651.38    7.58693e-07
3649.62    7.76365e-07
3647.87     7.9445e-07
3646.12    8.12955e-07
3644.37    8.31892e-07
3642.62    8.51269e-07
3640.87    8.71099e-07
3639.12     8.9139e-07
3637.37    9.12153e-07
3635.63      9.334e-07
3633.88    9.55143e-07
3632.14    9.77391e-07
3630.4    1.00016e-06
3628.66    1.02346e-06
3626.92     1.0473e-06
3625.18    1.07169e-06
3623.44    1.09665e-06
3621.7     1.1222e-06
3619.97    1.14834e-06
3618.23    1.17509e-06
3616.5    1.20246e-06
3614.76    1.23047e-06
3613.03    1.25913e-06
3611.3    1.28846e-06
3609.57    1.31847e-06
3607.84    1.34919e-06
3606.11    1.38061e-06
3604.39    1.41277e-06
3602.66    1.44568e-06
3600.93    1.47936e-06
3599.21    1.51381e-06
3597.49    1.54908e-06
3595.76    1.58516e-06
3594.04    1.62208e-06
3592.32    1.65987e-06
3590.6    1.69853e-06
3588.88     1.7381e-06
3587.16    1.77858e-06
3585.44    1.82001e-06
3583.72    1.86241e-06
3582    1.90579e-06
3580.29    1.95018e-06
3578.57    1.99561e-06
3576.86    2.04209e-06
3575.14    2.08966e-06
3573.43    2.13834e-06
3571.71    2.18815e-06
3570    2.23912e-06
3568.29    2.29127e-06
3566.57    2.34465e-06
3564.86    2.39926e-06
3563.15    2.45515e-06
3561.44    2.51234e-06
3559.73    2.57086e-06
3558.02    2.63074e-06
3556.31    2.69202e-06
3554.6    2.75473e-06
3552.89     2.8189e-06
3551.18    2.88456e-06
3549.47    2.95175e-06
3547.76    3.02051e-06
3546.06    3.09086e-06
3544.35    3.16286e-06
3542.64    3.23654e-06
3540.93    3.31193e-06
3539.23    3.38907e-06
3537.52    3.46802e-06
3535.81     3.5488e-06
3534.11    3.63146e-06
3532.4    3.71605e-06
3530.7    3.80261e-06
3528.99    3.89119e-06
3527.28    3.98183e-06
3525.58    4.07458e-06
3523.87    4.16949e-06
3522.17    4.26661e-06
3520.46      4.366e-06
3518.76     4.4677e-06
3517.05    4.57176e-06
3515.35    4.67826e-06
3513.64    4.78723e-06
3511.94    4.89874e-06
3510.23    5.01285e-06
3508.52    5.12962e-06
3506.82     5.2491e-06
3505.11    5.37137e-06
3503.41    5.49649e-06
3501.7    5.62452e-06
3499.99    5.75554e-06
3498.29    5.88961e-06
3496.58     6.0268e-06
3494.87    6.16718e-06
3493.17    6.31084e-06
3491.46    6.45784e-06
3489.75    6.60826e-06
3488.04    6.76219e-06
3486.34    6.91971e-06
3484.63    7.08089e-06
3482.92    7.24583e-06
3481.21    7.41461e-06
3479.5    7.58733e-06
3477.79    7.76406e-06
3476.07    7.94492e-06
3474.36    8.12998e-06
3472.65    8.31936e-06
3470.94    8.51314e-06
3469.22    8.71144e-06
3467.51    8.91436e-06
3465.79    9.12201e-06
3464.08     9.3345e-06
3462.36    9.55193e-06
3460.64    9.77443e-06
3458.93    1.00021e-05
3457.21    1.02351e-05
3455.49    1.04735e-05
3453.77    1.07175e-05
3452.04    1.09671e-05
3450.32    1.12226e-05
3448.6     1.1484e-05
3446.87    1.17515e-05
3445.15    1.20252e-05
3443.42    1.23053e-05
3441.69     1.2592e-05
3439.96    1.28853e-05
3438.23    1.31854e-05
3436.5    1.34926e-05
3434.77    1.38069e-05
3433.03    1.41285e-05
3431.3    1.44576e-05
3429.56    1.47943e-05
3427.82    1.51389e-05
3426.08    1.54916e-05
3424.34    1.58524e-05
3422.59    1.62217e-05
3420.85    1.65996e-05
3419.1    1.69862e-05
3417.35    1.73819e-05
3415.6    1.77868e-05
3413.85    1.82011e-05
3412.1    1.86251e-05
3410.34    1.90589e-05
3408.58    1.95029e-05
3406.82    1.99571e-05
3405.06     2.0422e-05
3403.29    2.08977e-05
3401.53    2.13845e-05
3399.76    2.18826e-05
3397.99    2.23923e-05
3396.22    2.29139e-05
3394.44    2.34477e-05
3392.66    2.39939e-05
3390.88    2.45528e-05
3389.1    2.51247e-05
3387.31    2.57099e-05
3385.52    2.63088e-05
3383.73    2.69216e-05
3381.94    2.75487e-05
3380.14    2.81904e-05
3378.34    2.88471e-05
3376.54     2.9519e-05
3374.73    3.02066e-05
3372.93    3.09103e-05
3371.11    3.16303e-05
3369.3    3.23671e-05
3367.48     3.3121e-05
3365.66    3.38925e-05
3363.83     3.4682e-05
3362    3.54898e-05
3360.17    3.63165e-05
3358.33    3.71625e-05
3356.49    3.80281e-05
3354.65    3.89139e-05
3352.8    3.98204e-05
3350.95    4.07479e-05
3349.1    4.16971e-05
3347.24    4.26684e-05
3345.37    4.36623e-05
3343.5    4.46793e-05
3341.63      4.572e-05
3339.76     4.6785e-05
3337.87    4.78748e-05
3335.99      4.899e-05
3334.1    5.01311e-05
3332.2    5.12989e-05
3330.3    5.24938e-05
3328.39    5.37166e-05
3326.48    5.49678e-05
3324.57    5.62482e-05
3322.65    5.75584e-05
3320.72    5.88992e-05
3318.79    6.02711e-05
3316.85    6.16751e-05
3314.91    6.31117e-05
3312.96    6.45818e-05
3311    6.60861e-05
3309.04    6.76255e-05
3307.08    6.92007e-05
3305.1    7.08127e-05
3303.13    7.24622e-05
3301.14    7.41501e-05
3299.15    7.58773e-05
3297.15    7.76447e-05
3295.14    7.94533e-05
3293.13    8.13041e-05
3291.11    8.31979e-05
3289.09    8.51359e-05
3287.05     8.7119e-05
3285.01    8.91483e-05
3282.96    9.12249e-05
3280.91    9.33499e-05
3278.84    9.55243e-05
3276.77    9.77494e-05
3274.69    0.000100026
3272.61    0.000102356
3270.51     0.00010474
3268.41     0.00010718
3266.29    0.000109677
3264.17    0.000112231
3262.04    0.000114846
3259.9    0.000117521
3257.76    0.000120258
3255.6    0.000123059
3253.43    0.000125926
3251.26    0.000128859
3249.07     0.00013186
3246.88    0.000134932
3244.67    0.000138075
3242.45    0.000141291
3240.23    0.000144582
3237.99     0.00014795
3235.75    0.000151396
3233.49    0.000154922
3231.22    0.000158531
3228.94    0.000162224
3226.65    0.000166002
3224.35    0.000169869
3222.03    0.000173826
3219.71    0.000177875
3217.37    0.000182018
3215.02    0.000186258
3212.66    0.000190596
3210.28    0.000195036
3207.89    0.000199579
3205.49    0.000204227
3203.08    0.000208984
3200.65    0.000213852
3198.21    0.000218834
3195.76    0.000223931
3193.29    0.000229147
3190.81    0.000234484
3188.31    0.000239946
3185.8    0.000245535
3183.27    0.000251254
3180.73    0.000257107
3178.18    0.000263096
3175.61    0.000269224
3173.02    0.000275495
3170.42    0.000281912
3167.8    0.000288479
3165.17    0.000295198
3162.51    0.000302074
3159.85     0.00030911
3157.16    0.000316311
3154.46    0.000323678
3151.74    0.000331218
3149    0.000338933
3146.25    0.000346828
3143.48    0.000354906
3140.69    0.000363173
3137.88    0.000371632
3135.05    0.000380289
3132.2    0.000389147
3129.33    0.000398211
3126.44    0.000407487
3123.54    0.000416978
3120.61    0.000426691
3117.66     0.00043663
3114.7      0.0004468
3111.71    0.000457208
3108.7    0.000467857
3105.67    0.000478755
3102.61    0.000489907
3099.54    0.000501318
3096.44    0.000512995
3093.32    0.000524945
3090.18    0.000537172
3087.01    0.000549685
3083.82    0.000562488
3080.61     0.00057559
3077.37    0.000588998
3074.11    0.000602717
3070.82    0.000616756
3067.51    0.000631122
3064.18    0.000645823
3060.81    0.000660866
3057.43     0.00067626
3054.01    0.000692012
3050.57    0.000708131
3047.11    0.000724625
3043.61    0.000741504
3040.09    0.000758776
3036.55     0.00077645
3032.97    0.000794536
3029.36    0.000813043
3025.73    0.000831981
3022.07     0.00085136
3018.38    0.000871191
3014.66    0.000891483
3010.91    0.000912249
3007.13    0.000933498
3003.32    0.000955242
2999.47    0.000977492
2995.6     0.00100026
2991.7     0.00102356
2987.76      0.0010474
2983.8      0.0010718
2979.8     0.00109676
2975.76     0.00112231
2971.7     0.00114845
2967.6      0.0011752
2963.47     0.00120258
2959.3     0.00123059
2955.1     0.00125925
2950.87     0.00128859
2946.6      0.0013186
2942.29     0.00134931
2937.95     0.00138074
2933.58     0.00141291
2929.17     0.00144582
2924.72     0.00147949
2920.23     0.00151396
2915.71     0.00154922
2911.15     0.00158531
2906.56     0.00162223
2901.92     0.00166002
2897.25     0.00169869
2892.54     0.00173825
2887.8     0.00177874
2883.01     0.00182017
2878.18     0.00186257
2873.32     0.00190596
2868.41     0.00195035
2863.47     0.00199578
2858.49     0.00204227
2853.46     0.00208984
2848.4     0.00213852
2843.29     0.00218833
2838.15      0.0022393
2832.96     0.00229146
2827.73     0.00234484
2822.46     0.00239946
2817.15     0.00245535
2811.8     0.00251254
2806.41     0.00257106
2800.97     0.00263095
2795.5     0.00269223
2789.98     0.00275494
2784.42     0.00281912
2778.81     0.00288478
2773.17     0.00295198
2767.48     0.00302074
2761.75      0.0030911
2755.98      0.0031631
2750.17     0.00323678
2744.31     0.00331217
2738.41     0.00338932
2732.48     0.00346827
2726.49     0.00354905
2720.47     0.00363172
2714.41     0.00371632
2708.3     0.00380288
2702.16     0.00389146
2695.97      0.0039821
2689.74     0.00407486
2683.48     0.00416978
2677.17      0.0042669
2670.82     0.00436629
2664.44     0.00446799
2658.01     0.00457207
2651.55     0.00467856
2645.05     0.00478754
2638.51     0.00489906
2631.93     0.00501317
2625.32     0.00512994
2618.67     0.00524943
2611.99     0.00537171
2605.28     0.00549683
2598.53     0.00562487
2591.75     0.00575589
2584.93     0.00588996
2578.09     0.00602716
2571.21     0.00616755
2564.31     0.00631121
2557.38     0.00645821
2550.42     0.00660865
2543.44     0.00676258
2536.43      0.0069201
2529.4     0.00708129
2522.34     0.00724624
2515.27     0.00741502
2508.18     0.00758774
2501.07     0.00776448
2493.94     0.00794534
2486.8     0.00813041
2479.64     0.00831979
2472.48     0.00851358
2465.3     0.00871189
2458.12     0.00891482
2450.93     0.00912247
2443.74     0.00933496
2436.55      0.0095524
2429.35      0.0097749
2422.16      0.0100026
2414.97      0.0102356
2407.79       0.010474
2400.62       0.010718
2393.46      0.0109676
2386.32      0.0112231
2379.19      0.0114845
2372.08       0.011752
2364.99      0.0120258
2357.93      0.0123059
2350.89      0.0125925
2343.88      0.0128858
2336.91       0.013186
2329.97      0.0134931
2323.07      0.0138074
2316.21       0.014129
2309.39      0.0144581
2302.62      0.0147949
2295.91      0.0151395
2289.24      0.0154922
2282.63       0.015853
2276.08      0.0162223
2269.6      0.0166002
2263.17      0.0169868
2256.82      0.0173825
2250.54      0.0177874
2244.33      0.0182017
2238.2      0.0186257
2232.15      0.0190595
2226.18      0.0195035
2220.3      0.0199578
2214.51      0.0204226
2208.81      0.0208983
2203.2      0.0213851
2197.69      0.0218833
2192.28       0.022393
2186.97      0.0229146
2181.77      0.0234483
2176.67      0.0239945
2171.67      0.0245534
2166.79      0.0251253
2162.02      0.0257106
2157.36      0.0263095
2152.82      0.0269223
2148.39      0.0275494
2144.08      0.0281911
2139.89      0.0288477
2135.82      0.0295197
2131.86      0.0302073
2128.03      0.0309109
2124.31      0.0316309
2120.72      0.0323677
2117.25      0.0331216
2113.89      0.0338931
2110.66      0.0346826
2107.55      0.0354905
2104.55      0.0363172
2101.67      0.0371631
2098.91      0.0380287
2096.26      0.0389145
2093.73       0.039821
2091.31      0.0407485
2089      0.0416977
2086.8      0.0426689
2084.7      0.0436628
2082.71      0.0446798
2080.82      0.0457206
2079.03      0.0467855
2077.34      0.0478753
2075.74      0.0489905
2074.23      0.0501316
2072.82      0.0512993
2071.49      0.0524942
2070.24       0.053717
2069.08      0.0549682
2067.99      0.0562486
2066.98      0.0575588
2066.04      0.0588995
2065.17      0.0602714
2064.37      0.0616753
2063.63      0.0631119
2062.95       0.064582
2062.33      0.0660863
2061.77      0.0676257
2061.25      0.0692009
2060.79      0.0708128
2060.37      0.0724622
2059.99      0.0741501
2059.66      0.0758772
2059.37      0.0776446
2059.11      0.0794532
2058.89      0.0813039
2058.7      0.0831977
2058.54      0.0851356
2058.41      0.0871187
2058.3       0.089148
2058.22      0.0912245
2058.16      0.0933494
2058.12      0.0955237
2058.1      0.0977488
2058.1       0.100026
2058.11       0.102356
2058.14        0.10474
2058.18       0.107179
2058.23       0.109676
2058.29       0.112231
2058.37       0.114845
2058.45        0.11752
2058.54       0.120257
2058.64       0.123058
2058.75       0.125925
2058.86       0.128858
2058.98       0.131859
2059.1       0.134931
2059.22       0.138074
2059.35        0.14129
2059.48       0.144581
2059.62       0.147949
2059.76       0.151395
2059.9       0.154921
2060.04        0.15853
2060.19       0.162223
2060.33       0.166001
2060.48       0.169868
2060.63       0.173825
2060.78       0.177873
2060.93       0.182017
2061.08       0.186256
2061.24       0.190595
2061.39       0.195034
2061.54       0.199577
2061.7       0.204226
2061.85       0.208983
2062.01       0.213851
2062.17       0.218832
2062.32       0.223929
2062.48       0.229145
2062.64       0.234483
2062.79       0.239945
2062.95       0.245534
2063.11       0.251253
2063.27       0.257105
2063.43       0.263094
2063.59       0.269222
2063.75       0.275493
2063.91        0.28191
2064.07       0.288477
2064.23       0.295196
2064.39       0.302072
2064.55       0.309108
2064.71       0.316309
2064.88       0.323676
2065.04       0.331216
2065.2       0.338931
2065.36       0.346825
2065.53       0.354904
2065.69       0.363171
2065.85        0.37163
2066.02       0.380286
2066.18       0.389144
2066.35       0.398209
2066.51       0.407484
2066.68       0.416976
2066.84       0.426688
2067.01       0.436627
2067.17       0.446797
2067.34       0.457205
2067.51       0.467854
2067.67       0.478752
2067.84       0.489904
2068.01       0.501315
2068.18       0.512992
2068.35       0.524941
2068.52       0.537169
2068.68       0.549681
2068.85       0.562485
2069.02       0.575587
2069.19       0.588994
2069.36       0.602713
2069.53       0.616752
2069.71       0.631118
2069.88       0.645819
2070.05       0.660862
2070.22       0.676255
2070.39       0.692007
2070.57       0.708126
2070.74       0.724621
2070.91       0.741499
2071.09       0.758771
2071.26       0.776445
2071.43       0.794531
2071.61       0.813038
2071.78       0.831976
2071.96       0.851355
2072.13       0.871186
2072.31       0.891478
2072.49       0.912243
2072.66       0.933492
2072.84       0.955236
2073.02       0.977486
2073.19        1.00025
2073.37        1.02355
2073.55         1.0474
2073.73        1.07179
2073.91        1.09676
2074.09         1.1223
2074.27        1.14845
2074.45         1.1752
2074.63        1.20257
2074.81        1.23058
2074.99        1.25925
2075.17        1.28858
2075.35        1.31859
2075.54        1.34931
2075.72        1.38074
2075.9         1.4129
2076.08        1.44581
2076.27        1.47949
2076.45        1.51395
2076.64        1.54921
2076.82         1.5853
2077.01        1.62222
2077.19        1.66001
2077.38        1.69868
2077.56        1.73824
2077.75        1.77873
2077.94        1.82016
2078.12        1.86256
2078.31        1.90595
2078.5        1.95034
2078.69        1.99577
2078.88        2.04226
2079.07        2.08983
2079.25        2.13851
2079.44        2.18832
2079.64        2.23929
2079.83        2.29145
2080.02        2.34483
2080.21        2.39944
2080.4        2.45533
2080.59        2.51253
2080.78        2.57105
2080.98        2.63094
2081.17        2.69222
2081.36        2.75493
2081.56         2.8191
2081.75        2.88477
2081.95        2.95196
2082.14        3.02072
2082.34        3.09108
2082.54        3.16308
2082.73        3.23676
2082.93        3.31215
2083.13         3.3893
2083.33        3.46825
2083.52        3.54904
2083.72         3.6317
2083.92         3.7163
2084.12        3.80286
2084.32        3.89144
2084.52        3.98208
2084.72        4.07484
2084.93        4.16975
2085.13        4.26688
2085.33        4.36627
2085.53        4.46797
2085.74        4.57204
2085.94        4.67854
2086.14        4.78752
2086.35        4.89903
2086.55        5.01315
2086.76        5.12992
2086.97        5.24941
2087.17        5.37168
2087.38         5.4968
2087.59        5.62484
2087.79        5.75586
2088        5.88993
2088.21        6.02713
2088.42        6.16752
2088.63        6.31117
2088.84        6.45818
2089.05        6.60861
2089.27        6.76255
2089.48        6.92007
2089.69        7.08125
2089.91         7.2462
2090.12        7.41498
2090.33         7.5877
2090.55        7.76444
2090.77         7.9453
2090.98        8.13037
2091.2        8.31975
2091.42        8.51354
2091.64        8.71184
2091.85        8.91477
2092.07        9.12242
2092.29        9.33491
2092.52        9.55235
2092.74        9.77485
2092.96        10.0025
2093.18        10.2355
2093.41        10.4739
2093.63        10.7179
2093.86        10.9676
2094.08         11.223
2094.31        11.4844
2094.54         11.752
2094.76        12.0257
2094.99        12.3058
2095.22        12.5924
2095.46        12.8858
2095.69        13.1859
2095.92         13.493
2096.15        13.8073
2096.39        14.1289
2096.62        14.4581
2096.86        14.7948
2097.1        15.1394
2097.33        15.4921
2097.57        15.8529
2097.81        16.2222
2098.06        16.6001
2098.3        16.9867
2098.54        17.3824
2098.79        17.7873
2099.03        18.2016
2099.28        18.6256
2099.53        19.0594
2099.78        19.5034
2100.03        19.9577
2100.28        20.4225
2100.54        20.8982
2100.79         21.385
2101.05        21.8831
2101.31        22.3929
2101.57        22.9145
2101.83        23.4482
2102.1        23.9944
2102.36        24.5533
2102.63        25.1252
2102.9        25.7104
2103.17        26.3093
2103.44        26.9221
2103.71        27.5492
2103.99        28.1909
2104.27        28.8476
2104.55        29.5195
2104.84        30.2071
2105.12        30.9108
2105.41        31.6308
2105.7        32.3675
2105.99        33.1215
2106.29         33.893
2106.59        34.6824
2106.89        35.4903
2107.2         36.317
2107.51        37.1629
2107.82        38.0285
2108.13        38.9143
2108.45        39.8208
2108.77        40.7483
2109.1        41.6974
2109.43        42.6687
2109.76        43.6626
2110.1        44.6796
2110.44        45.7203
2110.79        46.7853
2111.14        47.8751
2111.5        48.9902
2111.86        50.1313
2112.23        51.2991
2112.6         52.494
2112.98        53.7167
2113.36        54.9679
2113.75        56.2483
2114.15        57.5585
2114.55        58.8992
2114.96        60.2711
2115.38         61.675
2115.81        63.1116
2116.24        64.5817
2116.68         66.086
2117.13        67.6253
2117.59        69.2005
2118.06        70.8124
2118.54        72.4618
2119.02        74.1497
2119.52        75.8768
2120.03        77.6442
2120.55        79.4528
2121.08        81.3035
2121.63        83.1973
2122.18        85.1352
2122.75        87.1182
2123.34        89.1475
2123.94         91.224
2124.55        93.3489
2125.18        95.5233
2125.82        97.7483
2126.49        100.025
