1719.25          1e-05
1719.22    1.02329e-05
1719.19    1.04713e-05
1719.16    1.07152e-05
1719.13    1.09648e-05
1719.09    1.12202e-05
1719.06    1.14816e-05
1719.03     1.1749e-05
1718.99    1.20227e-05
1718.96    1.23027e-05
1718.92    1.25893e-05
1718.88    1.28826e-05
1718.85    1.31827e-05
1718.81    1.34897e-05
1718.77    1.38039e-05
1718.73    1.41255e-05
1718.69    1.44545e-05
1718.65    1.47912e-05
1718.61    1.51358e-05
1718.56    1.54883e-05
1718.52    1.58491e-05
1718.48    1.62183e-05
1718.43    1.65961e-05
1718.38    1.69826e-05
1718.34    1.73782e-05
1718.29     1.7783e-05
1718.24    1.81973e-05
1718.19    1.86211e-05
1718.14    1.90549e-05
1718.09    1.94987e-05
1718.03    1.99529e-05
1717.98    2.04177e-05
1717.93    2.08933e-05
1717.87      2.138e-05
1717.81     2.1878e-05
1717.75    2.23876e-05
1717.7    2.29091e-05
1717.64    2.34427e-05
1717.57    2.39888e-05
1717.51    2.45476e-05
1717.45    2.51194e-05
1717.38    2.57045e-05
1717.32    2.63033e-05
1717.25     2.6916e-05
1717.18    2.75429e-05
1717.11    2.81845e-05
1717.04     2.8841e-05
1716.96    2.95128e-05
1716.89    3.02003e-05
1716.81    3.09038e-05
1716.74    3.16236e-05
1716.66    3.23602e-05
1716.58     3.3114e-05
1716.5    3.38854e-05
1716.41    3.46747e-05
1716.33    3.54824e-05
1716.24    3.63089e-05
1716.16    3.71546e-05
1716.07    3.80201e-05
1715.97    3.89057e-05
1715.88     3.9812e-05
1715.79    4.07393e-05
1715.69    4.16883e-05
1715.59    4.26594e-05
1715.49    4.36531e-05
1715.39    4.46699e-05
1715.29    4.57104e-05
1715.18    4.67752e-05
1715.07    4.78647e-05
1714.96    4.89797e-05
1714.85    5.01206e-05
1714.74    5.12881e-05
1714.62    5.24827e-05
1714.5    5.37052e-05
1714.38    5.49562e-05
1714.26    5.62364e-05
1714.14    5.75463e-05
1714.01    5.88868e-05
1713.88    6.02584e-05
1713.75    6.16621e-05
1713.61    6.30984e-05
1713.48    6.45682e-05
1713.34    6.60722e-05
1713.19    6.76113e-05
1713.05    6.91862e-05
1712.9    7.07977e-05
1712.75    7.24469e-05
1712.6    7.41344e-05
1712.45    7.58613e-05
1712.29    7.76284e-05
1712.13    7.94366e-05
1711.96    8.12869e-05
1711.8    8.31804e-05
1711.63     8.5118e-05
1711.45    8.71007e-05
1711.28    8.91296e-05
1711.1    9.12057e-05
1710.92    9.33302e-05
1710.73    9.55042e-05
1710.54    9.77288e-05
1710.35    0.000100005
1710.15    0.000102335
1709.95    0.000104718
1709.75    0.000107158
1709.54    0.000109654
1709.33    0.000112208
1709.12    0.000114821
1708.9    0.000117496
1708.68    0.000120233
1708.45    0.000123033
1708.22    0.000125899
1707.99    0.000128832
1707.75    0.000131833
1707.51    0.000134903
1707.27    0.000138046
1707.02    0.000141261
1706.76    0.000144551
1706.5    0.000147918
1706.24    0.000151364
1705.97     0.00015489
1705.7    0.000158498
1705.42    0.000162189
1705.13    0.000165967
1704.85    0.000169833
1704.55    0.000173789
1704.26    0.000177837
1703.95    0.000181979
1703.65    0.000186218
1703.33    0.000190556
1703.01    0.000194995
1702.69    0.000199537
1702.36    0.000204184
1702.02     0.00020894
1701.68    0.000213807
1701.34    0.000218787
1700.98    0.000223884
1700.63    0.000229099
1700.26    0.000234435
1699.89    0.000239896
1699.51    0.000245483
1699.13    0.000251202
1698.74    0.000257053
1698.34     0.00026304
1697.94    0.000269167
1697.53    0.000275437
1697.11    0.000281853
1696.69    0.000288418
1696.26    0.000295136
1695.82    0.000302011
1695.38    0.000309045
1694.93    0.000316244
1694.47     0.00032361
1694    0.000331148
1693.53    0.000338861
1693.04    0.000346755
1692.55    0.000354831
1692.06    0.000363097
1691.55    0.000371554
1691.03    0.000380209
1690.51    0.000389065
1689.98    0.000398127
1689.44    0.000407401
1688.89    0.000416891
1688.34    0.000426601
1687.77    0.000436538
1687.2    0.000446706
1686.61    0.000457111
1686.02    0.000467759
1685.42    0.000478654
1684.81    0.000489804
1684.19    0.000501213
1683.56    0.000512887
1682.92    0.000524834
1682.27    0.000537059
1681.61    0.000549569
1680.94     0.00056237
1680.26    0.000575469
1679.57    0.000588873
1678.87     0.00060259
1678.15    0.000616626
1677.43    0.000630989
1676.7    0.000645687
1675.95    0.000660727
1675.2    0.000676117
1674.43    0.000691866
1673.66    0.000707981
1672.87    0.000724472
1672.07    0.000741347
1671.25    0.000758616
1670.43    0.000776286
1669.59    0.000794368
1668.74    0.000812871
1667.88    0.000831805
1667.01    0.000851181
1666.13    0.000871007
1665.23    0.000891296
1664.32    0.000912056
1663.39    0.000933301
1662.46     0.00095504
1661.51    0.000977286
1660.55     0.00100005
1659.57     0.00102334
1658.58     0.00104718
1657.58     0.00107157
1656.57     0.00109653
1655.54     0.00112207
1654.5     0.00114821
1653.44     0.00117496
1652.37     0.00120232
1651.28     0.00123033
1650.18     0.00125899
1649.07     0.00128831
1647.94     0.00131832
1646.8     0.00134903
1645.65     0.00138045
1644.48     0.00141261
1643.29     0.00144551
1642.09     0.00147918
1640.88     0.00151364
1639.65     0.00154889
1638.4     0.00158497
1637.14     0.00162189
1635.87     0.00165967
1634.58     0.00169833
1633.28     0.00173789
1631.96     0.00177837
1630.62     0.00181979
1629.27     0.00186218
1627.91     0.00190555
1626.53     0.00194994
1625.13     0.00199536
1623.72     0.00204184
1622.29      0.0020894
1620.85     0.00213807
1619.4     0.00218787
1617.93     0.00223883
1616.44     0.00229098
1614.94     0.00234434
1613.42     0.00239895
1611.89     0.00245483
1610.34     0.00251201
1608.78     0.00257052
1607.21      0.0026304
1605.62     0.00269167
1604.01     0.00275436
1602.39     0.00281852
1600.76     0.00288417
1599.11     0.00295135
1597.45      0.0030201
1595.77     0.00309045
1594.09     0.00316243
1592.38     0.00323609
1590.67     0.00331147
1588.94     0.00338861
1587.2     0.00346754
1585.44     0.00354831
1583.68     0.00363096
1581.9     0.00371553
1580.11     0.00380208
1578.31     0.00389064
1576.49     0.00398127
1574.67       0.004074
1572.84      0.0041689
1570.99       0.004266
1569.14     0.00436537
1567.27     0.00446705
1565.4      0.0045711
1563.52     0.00467758
1561.63     0.00478653
1559.73     0.00489803
1557.83     0.00501212
1555.92     0.00512886
1554     0.00524833
1552.08     0.00537058
1550.15     0.00549567
1548.21     0.00562368
1546.28     0.00575468
1544.34     0.00588872
1542.39     0.00602589
1540.45     0.00616625
1538.5     0.00630988
1536.55     0.00645685
1534.6     0.00660725
1532.65     0.00676116
1530.7     0.00691864
1528.75      0.0070798
1526.81     0.00724471
1524.87     0.00741346
1522.93     0.00758614
1521     0.00776284
1519.07     0.00794366
1517.15     0.00812869
1515.23     0.00831804
1513.32     0.00851179
1511.42     0.00871005
1509.53     0.00891294
1507.65     0.00912054
1505.79     0.00933299
1503.93     0.00955038
1502.08     0.00977284
1500.25      0.0100005
1498.43      0.0102334
1496.63      0.0104718
1494.84      0.0107157
1493.07      0.0109653
1491.32      0.0112207
1489.59      0.0114821
1487.87      0.0117495
1486.18      0.0120232
1484.5      0.0123033
1482.85      0.0125899
1481.22      0.0128831
1479.61      0.0131832
1478.02      0.0134903
1476.46      0.0138045
1474.92       0.014126
1473.41      0.0144551
1471.93      0.0147918
1470.47      0.0151363
1469.04      0.0154889
1467.64      0.0158497
1466.26      0.0162189
1464.92      0.0165967
1463.6      0.0169832
1462.31      0.0173788
1461.06      0.0177836
1459.83      0.0181979
1458.63      0.0186217
1457.47      0.0190555
1456.33      0.0194994
1455.23      0.0199536
1454.16      0.0204183
1453.12      0.0208939
1452.11      0.0213806
1451.14      0.0218786
1450.19      0.0223883
1449.28      0.0229098
1448.4      0.0234434
1447.55      0.0239895
1446.73      0.0245482
1445.94        0.02512
1445.18      0.0257052
1444.45      0.0263039
1443.75      0.0269166
1443.08      0.0275436
1442.44      0.0281851
1441.83      0.0288417
1441.24      0.0295135
1440.69      0.0302009
1440.15      0.0309044
1439.65      0.0316243
1439.17      0.0323609
1438.72      0.0331147
1438.29       0.033886
1437.88      0.0346753
1437.5       0.035483
1437.13      0.0363095
1436.79      0.0371553
1436.47      0.0380207
1436.17      0.0389063
1435.89      0.0398126
1435.63      0.0407399
1435.38      0.0416889
1435.15      0.0426599
1434.94      0.0436536
1434.74      0.0446704
1434.56      0.0457109
1434.39      0.0467757
1434.23      0.0478652
1434.09      0.0489801
1433.96       0.050121
1433.84      0.0512885
1433.73      0.0524832
1433.62      0.0537057
1433.53      0.0549566
1433.45      0.0562367
1433.37      0.0575466
1433.3      0.0588871
1433.24      0.0602587
1433.19      0.0616623
1433.14      0.0630986
1433.09      0.0645684
1433.05      0.0660724
1433.02      0.0676114
1432.98      0.0691863
1432.96      0.0707978
1432.93      0.0724469
1432.91      0.0741344
1432.89      0.0758612
1432.88      0.0776283
1432.86      0.0794365
1432.85      0.0812868
1432.84      0.0831802
1432.83      0.0851177
1432.83      0.0871003
1432.82      0.0891292
1432.82      0.0912052
1432.81      0.0933297
1432.81      0.0955036
1432.81      0.0977282
1432.81       0.100005
1432.81       0.102334
1432.81       0.104718
1432.81       0.107157
1432.81       0.109653
1432.81       0.112207
1432.81       0.114821
1432.82       0.117495
1432.82       0.120232
1432.82       0.123032
1432.82       0.125898
1432.82       0.128831
1432.83       0.131832
1432.83       0.134902
1432.83       0.138045
1432.84        0.14126
1432.84       0.144551
1432.84       0.147918
1432.85       0.151363
1432.85       0.154889
1432.85       0.158496
1432.86       0.162188
1432.86       0.165966
1432.87       0.169832
1432.87       0.173788
1432.87       0.177836
1432.88       0.181978
1432.88       0.186217
1432.89       0.190555
1432.89       0.194993
1432.9       0.199535
1432.9       0.204183
1432.91       0.208939
1432.91       0.213806
1432.92       0.218786
1432.92       0.223882
1432.93       0.229097
1432.93       0.234433
1432.94       0.239894
1432.94       0.245482
1432.95         0.2512
1432.96       0.257051
1432.96       0.263039
1432.97       0.269165
1432.97       0.275435
1432.98       0.281851
1432.99       0.288416
1432.99       0.295134
1433       0.302009
1433.01       0.309043
1433.02       0.316242
1433.02       0.323608
1433.03       0.331146
1433.04       0.338859
1433.05       0.346752
1433.06       0.354829
1433.06       0.363094
1433.07       0.371552
1433.08       0.380206
1433.09       0.389062
1433.1       0.398125
1433.11       0.407398
1433.12       0.416888
1433.13       0.426598
1433.14       0.436535
1433.15       0.446703
1433.16       0.457108
1433.17       0.467756
1433.18       0.478651
1433.2         0.4898
1433.21       0.501209
1433.22       0.512884
1433.23       0.524831
1433.24       0.537055
1433.26       0.549565
1433.27       0.562366
1433.28       0.575465
1433.3        0.58887
1433.31       0.602586
1433.33       0.616622
1433.34       0.630985
1433.36       0.645683
1433.37       0.660723
1433.39       0.676113
1433.4       0.691861
1433.42       0.707977
1433.44       0.724468
1433.46       0.741343
1433.47       0.758611
1433.49       0.776281
1433.51       0.794363
1433.53       0.812866
1433.55         0.8318
1433.57       0.851176
1433.59       0.871002
1433.61        0.89129
1433.63       0.912051
1433.65       0.933295
1433.68       0.955035
1433.7        0.97728
1433.72        1.00004
1433.75        1.02334
1433.77        1.04717
1433.8        1.07157
1433.82        1.09653
1433.85        1.12207
1433.88         1.1482
1433.9        1.17495
1433.93        1.20232
1433.96        1.23032
1433.99        1.25898
1434.02        1.28831
1434.05        1.31831
1434.08        1.34902
1434.11        1.38045
1434.15         1.4126
1434.18         1.4455
1434.22        1.47917
1434.25        1.51363
1434.29        1.54889
1434.33        1.58496
1434.36        1.62188
1434.4        1.65966
1434.44        1.69832
1434.48        1.73788
1434.53        1.77836
1434.57        1.81978
1434.61        1.86217
1434.66        1.90554
1434.7        1.94993
1434.75        1.99535
1434.8        2.04183
1434.85        2.08939
1434.9        2.13806
1434.95        2.18786
1435        2.23882
1435.06        2.29097
1435.11        2.34433
1435.17        2.39894
1435.23        2.45482
1435.28          2.512
1435.34        2.57051
1435.41        2.63038
1435.47        2.69165
1435.54        2.75435
1435.6        2.81851
1435.67        2.88416
1435.74        2.95134
1435.81        3.02008
1435.88        3.09043
1435.96        3.16242
1436.03        3.23608
1436.11        3.31146
1436.19        3.38859
1436.27        3.46752
1436.36        3.54829
1436.44        3.63094
1436.53        3.71551
1436.62        3.80206
1436.71        3.89062
1436.81        3.98124
1436.9        4.07398
1437        4.16887
1437.1        4.26598
1437.2        4.36535
1437.31        4.46703
1437.42        4.57108
1437.53        4.67755
1437.64        4.78651
1437.76          4.898
1437.87        5.01209
1437.99        5.12884
1438.12         5.2483
1438.25        5.37055
1438.38        5.49565
1438.51        5.62366
1438.64        5.75465
1438.78        5.88869
1438.93        6.02586
1439.07        6.16622
1439.22        6.30984
1439.37        6.45682
1439.53        6.60722
1439.69        6.76112
1439.85        6.91861
1440.02        7.07976
1440.19        7.24467
1440.37        7.41342
1440.55         7.5861
1440.73         7.7628
1440.92        7.94362
1441.11        8.12865
1441.31        8.31799
1441.51        8.51174
1441.72        8.71001
1441.93        8.91289
1442.14         9.1205
1442.37        9.33294
1442.59        9.55033
1442.82        9.77279
1443.06        10.0004
1443.3        10.2334
1443.55        10.4717
1443.81        10.7156
1444.07        10.9652
1444.33        11.2207
1444.61         11.482
1444.89        11.7495
1445.17        12.0232
1445.47        12.3032
1445.76        12.5898
1446.07         12.883
1446.39        13.1831
1446.71        13.4902
1447.04        13.8044
1447.37         14.126
1447.72         14.455
1448.07        14.7917
1448.43        15.1363
1448.8        15.4888
1449.18        15.8496
1449.57        16.2188
1449.96        16.5966
1450.37        16.9832
1450.78        17.3787
1451.21        17.7835
1451.64        18.1978
1452.09        18.6217
1452.55        19.0554
1453.01        19.4993
1453.49        19.9535
1453.98        20.4182
1454.48        20.8938
1455        21.3805
1455.52        21.8785
1456.06        22.3881
1456.61        22.9096
1457.17        23.4433
1457.75        23.9893
1458.34        24.5481
1458.95        25.1199
1459.57         25.705
1460.2        26.3038
1460.85        26.9165
1461.51        27.5434
1462.19         28.185
1462.89        28.8415
1463.61        29.5133
1464.34        30.2008
1465.08        30.9042
1465.85        31.6241
1466.63        32.3607
1467.44        33.1145
1468.26        33.8858
1469.1        34.6751
1469.96        35.4828
1470.85        36.3093
1471.75        37.1551
1472.67        38.0205
1473.62        38.9061
1474.59        39.8124
1475.59        40.7397
1476.6        41.6887
1477.65        42.6597
1478.71        43.6534
1479.81        44.6702
1480.93        45.7107
1482.07        46.7754
1483.24         47.865
1484.45        48.9799
1485.68        50.1208
1486.94        51.2882
1488.23        52.4829
1489.55        53.7054
1490.9        54.9563
1492.29        56.2364
1493.71        57.5463
1495.17        58.8868
1496.65        60.2584
1498.18         61.662
1499.74        63.0983
1501.34        64.5681
1502.98         66.072
1504.66        67.6111
1506.38        69.1859
1508.14        70.7975
1509.94        72.4465
1511.79         74.134
1513.68        75.8608
1515.61        77.6279
1517.6         79.436
1519.63        81.2863
1521.71        83.1797
1523.84        85.1173
1526.02        87.0999
1528.25        89.1287
1530.54        91.2048
1532.89        93.3292
1535.29        95.5031
1537.75        97.7277
1540.26        100.004
