1005.94          1e-09
1005.42    1.02329e-09
1004.88    1.04713e-09
1004.34    1.07152e-09
1003.78    1.09648e-09
1003.21    1.12202e-09
1002.63    1.14816e-09
1002.03     1.1749e-09
1001.42    1.20227e-09
1000.8    1.23027e-09
1000.17    1.25893e-09
999.516    1.28826e-09
998.851    1.31827e-09
998.171    1.34897e-09
997.477    1.38039e-09
996.766    1.41255e-09
996.04    1.44545e-09
995.298    1.47912e-09
994.54    1.51358e-09
993.765    1.54883e-09
992.972    1.58491e-09
992.163    1.62183e-09
991.335    1.65961e-09
990.489    1.69826e-09
989.625    1.73782e-09
988.741     1.7783e-09
987.839    1.81973e-09
986.916    1.86211e-09
985.973    1.90549e-09
985.01    1.94987e-09
984.026    1.99529e-09
983.02    2.04177e-09
981.993    2.08933e-09
980.943      2.138e-09
979.87     2.1878e-09
978.775    2.23876e-09
977.655    2.29091e-09
976.512    2.34427e-09
975.344    2.39888e-09
974.151    2.45476e-09
972.932    2.51194e-09
971.688    2.57045e-09
970.417    2.63033e-09
969.118     2.6916e-09
967.793    2.75429e-09
966.439    2.81845e-09
965.056     2.8841e-09
963.645    2.95128e-09
962.204    3.02003e-09
960.732    3.09038e-09
959.23    3.16236e-09
957.697    3.23602e-09
956.131     3.3114e-09
954.533    3.38854e-09
952.902    3.46747e-09
951.238    3.54824e-09
949.539    3.63089e-09
947.806    3.71546e-09
946.037    3.80201e-09
944.232    3.89057e-09
942.391     3.9812e-09
940.512    4.07393e-09
938.596    4.16883e-09
936.641    4.26594e-09
934.647    4.36531e-09
932.614    4.46699e-09
930.54    4.57104e-09
928.426    4.67752e-09
926.27    4.78647e-09
924.072    4.89797e-09
921.831    5.01206e-09
919.547    5.12881e-09
917.219    5.24827e-09
914.846    5.37052e-09
912.429    5.49562e-09
909.965    5.62364e-09
907.455    5.75463e-09
904.899    5.88868e-09
902.294    6.02584e-09
899.642    6.16621e-09
896.941    6.30984e-09
894.191    6.45682e-09
891.392    6.60722e-09
888.542    6.76113e-09
885.641    6.91862e-09
882.689    7.07977e-09
879.686    7.24469e-09
876.63    7.41344e-09
873.522    7.58613e-09
870.361    7.76284e-09
867.146    7.94366e-09
863.878    8.12869e-09
860.556    8.31804e-09
857.179     8.5118e-09
853.748    8.71007e-09
850.262    8.91296e-09
846.721    9.12057e-09
843.125    9.33302e-09
839.474    9.55042e-09
835.767    9.77288e-09
832.005    1.00005e-08
828.188    1.02335e-08
824.316    1.04718e-08
820.389    1.07158e-08
816.407    1.09654e-08
812.371    1.12208e-08
808.28    1.14822e-08
804.136    1.17496e-08
799.938    1.20233e-08
795.688    1.23034e-08
791.385      1.259e-08
787.032    1.28832e-08
782.628    1.31833e-08
778.174    1.34904e-08
773.672    1.38047e-08
769.122    1.41262e-08
764.526    1.44553e-08
759.885     1.4792e-08
755.2    1.51366e-08
750.474    1.54891e-08
745.707    1.58499e-08
740.902    1.62191e-08
736.06    1.65969e-08
731.183    1.69835e-08
726.274    1.73791e-08
721.334     1.7784e-08
716.367    1.81982e-08
711.374    1.86221e-08
706.359    1.90559e-08
701.324    1.94998e-08
696.271     1.9954e-08
691.205    2.04188e-08
686.128    2.08944e-08
681.044    2.13811e-08
675.955    2.18792e-08
670.866    2.23888e-08
665.78    2.29103e-08
660.7     2.3444e-08
655.631    2.39901e-08
650.577    2.45489e-08
645.54    2.51207e-08
640.526    2.57059e-08
635.539    2.63046e-08
630.581    2.69174e-08
625.658    2.75444e-08
620.772     2.8186e-08
615.929    2.88425e-08
611.132    2.95144e-08
606.384    3.02019e-08
601.69    3.09054e-08
597.052    3.16253e-08
592.475    3.23619e-08
587.96    3.31158e-08
583.512    3.38871e-08
579.133    3.46765e-08
574.824    3.54842e-08
570.589    3.63108e-08
566.428    3.71566e-08
562.344    3.80221e-08
558.337    3.89078e-08
554.409    3.98141e-08
550.559    4.07415e-08
546.788    4.16905e-08
543.095    4.26616e-08
539.48    4.36554e-08
535.941    4.46722e-08
532.478    4.57128e-08
529.088    4.67776e-08
525.769    4.78672e-08
522.52    4.89822e-08
519.337    5.01232e-08
516.218    5.12908e-08
513.16    5.24855e-08
510.16    5.37081e-08
507.214    5.49591e-08
504.319    5.62393e-08
501.472    5.75493e-08
498.67    5.88899e-08
495.908    6.02616e-08
493.183    6.16653e-08
490.492    6.31017e-08
487.832    6.45716e-08
485.199    6.60757e-08
482.591    6.76148e-08
480.004    6.91898e-08
477.436    7.08015e-08
474.884    7.24507e-08
472.347    7.41383e-08
469.821    7.58653e-08
467.306    7.76324e-08
464.799    7.94408e-08
462.298    8.12912e-08
459.804    8.31848e-08
457.314    8.51225e-08
454.829    8.71053e-08
452.346    8.91343e-08
449.867    9.12105e-08
447.391    9.33351e-08
444.917    9.55092e-08
442.447     9.7734e-08
439.98    1.00011e-07
437.516     1.0234e-07
435.058    1.04724e-07
432.604    1.07163e-07
430.157     1.0966e-07
427.717    1.12214e-07
425.284    1.14828e-07
422.861    1.17503e-07
420.448     1.2024e-07
418.047     1.2304e-07
415.658    1.25906e-07
413.282    1.28839e-07
410.922     1.3184e-07
408.578    1.34911e-07
406.251    1.38054e-07
403.942     1.4127e-07
401.653     1.4456e-07
399.384    1.47928e-07
397.136    1.51374e-07
394.91      1.549e-07
392.707    1.58508e-07
390.527      1.622e-07
388.371    1.65978e-07
386.24    1.69844e-07
384.132    1.73801e-07
382.05    1.77849e-07
379.992    1.81992e-07
377.958    1.86231e-07
375.949    1.90569e-07
373.963    1.95008e-07
372.001     1.9955e-07
370.062    2.04199e-07
368.145    2.08955e-07
366.249    2.13822e-07
364.373    2.18803e-07
362.516      2.239e-07
360.677    2.29115e-07
358.855    2.34452e-07
357.048    2.39913e-07
355.255    2.45502e-07
353.475     2.5122e-07
351.705    2.57072e-07
349.945     2.6306e-07
348.194    2.69188e-07
346.448    2.75458e-07
344.708    2.81875e-07
342.97    2.88441e-07
341.235    2.95159e-07
339.5    3.02035e-07
337.763     3.0907e-07
336.025    3.16269e-07
334.282    3.23636e-07
332.535    3.31175e-07
330.781    3.38889e-07
329.02    3.46783e-07
327.25    3.54861e-07
325.471    3.63127e-07
323.683    3.71586e-07
321.883    3.80241e-07
320.072    3.89098e-07
318.249    3.98162e-07
316.413    4.07436e-07
314.565    4.16927e-07
312.704    4.26639e-07
310.831    4.36577e-07
308.944    4.46746e-07
307.045    4.57152e-07
305.133    4.67801e-07
303.209    4.78698e-07
301.274    4.89848e-07
299.327    5.01259e-07
297.37    5.12935e-07
295.404    5.24883e-07
293.429    5.37109e-07
291.446     5.4962e-07
289.456    5.62423e-07
287.462    5.75524e-07
285.463     5.8893e-07
283.461    6.02648e-07
281.459    6.16686e-07
279.456     6.3105e-07
277.456     6.4575e-07
275.459    6.60792e-07
273.469    6.76184e-07
271.485    6.91935e-07
269.511    7.08052e-07
267.549    7.24545e-07
265.6    7.41422e-07
263.667    7.58693e-07
261.752    7.76365e-07
259.857     7.9445e-07
257.984    8.12955e-07
256.137    8.31892e-07
254.316    8.51269e-07
252.525    8.71099e-07
250.765     8.9139e-07
249.038    9.12153e-07
247.348      9.334e-07
245.696    9.55143e-07
244.083    9.77391e-07
242.513    1.00016e-06
240.986    1.02346e-06
239.504     1.0473e-06
238.069    1.07169e-06
236.682    1.09665e-06
235.345     1.1222e-06
234.057    1.14834e-06
232.82    1.17509e-06
231.635    1.20246e-06
230.501    1.23047e-06
229.42    1.25913e-06
228.39    1.28846e-06
227.411    1.31847e-06
226.483    1.34919e-06
225.605    1.38061e-06
224.777    1.41277e-06
223.996    1.44568e-06
223.262    1.47936e-06
222.573    1.51381e-06
221.928    1.54908e-06
221.324    1.58516e-06
220.761    1.62208e-06
220.236    1.65987e-06
219.747    1.69853e-06
219.292     1.7381e-06
218.87    1.77858e-06
218.478    1.82001e-06
218.114    1.86241e-06
217.776    1.90579e-06
217.462    1.95018e-06
217.171    1.99561e-06
216.9    2.04209e-06
216.648    2.08966e-06
216.414    2.13834e-06
216.194    2.18815e-06
215.989    2.23912e-06
215.796    2.29127e-06
215.615    2.34465e-06
215.443    2.39926e-06
215.281    2.45515e-06
215.126    2.51234e-06
214.978    2.57086e-06
214.837    2.63074e-06
214.7    2.69202e-06
214.568    2.75473e-06
214.441     2.8189e-06
214.316    2.88456e-06
214.195    2.95175e-06
214.076    3.02051e-06
213.959    3.09086e-06
213.843    3.16286e-06
213.73    3.23654e-06
213.617    3.31193e-06
213.505    3.38907e-06
213.395    3.46802e-06
213.285     3.5488e-06
213.175    3.63146e-06
213.066    3.71605e-06
212.957    3.80261e-06
212.848    3.89119e-06
212.74    3.98183e-06
212.632    4.07458e-06
212.524    4.16949e-06
212.415    4.26661e-06
212.307      4.366e-06
212.199     4.4677e-06
212.091    4.57176e-06
211.983    4.67826e-06
211.875    4.78723e-06
211.767    4.89874e-06
211.659    5.01285e-06
211.551    5.12962e-06
211.442     5.2491e-06
211.334    5.37137e-06
211.226    5.49649e-06
211.117    5.62452e-06
211.008    5.75554e-06
210.9    5.88961e-06
210.791     6.0268e-06
210.682    6.16718e-06
210.573    6.31084e-06
210.464    6.45784e-06
210.355    6.60826e-06
210.246    6.76219e-06
210.137    6.91971e-06
210.027    7.08089e-06
209.918    7.24583e-06
209.808    7.41461e-06
209.699    7.58733e-06
209.589    7.76406e-06
209.479    7.94492e-06
209.369    8.12998e-06
209.259    8.31936e-06
209.148    8.51314e-06
209.038    8.71144e-06
208.927    8.91436e-06
208.817    9.12201e-06
208.706     9.3345e-06
208.595    9.55193e-06
208.484    9.77443e-06
208.373    1.00021e-05
208.261    1.02351e-05
208.15    1.04735e-05
208.038    1.07175e-05
207.926    1.09671e-05
207.814    1.12226e-05
207.702     1.1484e-05
207.59    1.17515e-05
207.477    1.20252e-05
207.364    1.23053e-05
207.252     1.2592e-05
207.138    1.28853e-05
207.025    1.31854e-05
206.912    1.34926e-05
206.798    1.38069e-05
206.684    1.41285e-05
206.57    1.44576e-05
206.456    1.47943e-05
206.342    1.51389e-05
206.227    1.54916e-05
206.112    1.58524e-05
205.997    1.62217e-05
205.881    1.65996e-05
205.766    1.69862e-05
205.65    1.73819e-05
205.534    1.77868e-05
205.417    1.82011e-05
205.301    1.86251e-05
205.184    1.90589e-05
205.067    1.95029e-05
204.949    1.99571e-05
204.832     2.0422e-05
204.714    2.08977e-05
204.595    2.13845e-05
204.477    2.18826e-05
204.358    2.23923e-05
204.239    2.29139e-05
204.119    2.34477e-05
204    2.39939e-05
203.88    2.45528e-05
203.759    2.51247e-05
203.638    2.57099e-05
203.517    2.63088e-05
203.396    2.69216e-05
203.274    2.75487e-05
203.152    2.81904e-05
203.029    2.88471e-05
202.906     2.9519e-05
202.783    3.02066e-05
202.66    3.09103e-05
202.535    3.16303e-05
202.411    3.23671e-05
202.286     3.3121e-05
202.161    3.38925e-05
202.035     3.4682e-05
201.909    3.54898e-05
201.783    3.63165e-05
201.656    3.71625e-05
201.528    3.80281e-05
201.4    3.89139e-05
201.272    3.98204e-05
201.143    4.07479e-05
201.014    4.16971e-05
200.884    4.26684e-05
200.754    4.36623e-05
200.623    4.46793e-05
200.492      4.572e-05
200.36     4.6785e-05
200.227    4.78748e-05
200.094      4.899e-05
199.961    5.01311e-05
199.827    5.12989e-05
199.692    5.24938e-05
199.557    5.37166e-05
199.422    5.49678e-05
199.285    5.62482e-05
199.148    5.75584e-05
199.011    5.88992e-05
198.872    6.02711e-05
198.734    6.16751e-05
198.594    6.31117e-05
198.454    6.45818e-05
198.313    6.60861e-05
198.172    6.76255e-05
198.03    6.92007e-05
197.887    7.08127e-05
197.743    7.24622e-05
197.599    7.41501e-05
197.454    7.58773e-05
197.308    7.76447e-05
197.162    7.94533e-05
197.015    8.13041e-05
196.867    8.31979e-05
196.718    8.51359e-05
196.568     8.7119e-05
196.418    8.91483e-05
196.267    9.12249e-05
196.115    9.33499e-05
195.962    9.55243e-05
195.808    9.77494e-05
195.653    0.000100026
195.498    0.000102356
195.341     0.00010474
195.184     0.00010718
195.026    0.000109677
194.866    0.000112231
194.706    0.000114846
194.545    0.000117521
194.383    0.000120258
194.22    0.000123059
194.056    0.000125926
193.891    0.000128859
193.724     0.00013186
193.557    0.000134932
193.389    0.000138075
193.219    0.000141291
193.049    0.000144582
192.877     0.00014795
192.705    0.000151396
192.531    0.000154922
192.356    0.000158531
192.179    0.000162224
192.002    0.000166002
191.823    0.000169869
191.644    0.000173826
191.462    0.000177875
191.28    0.000182018
191.096    0.000186258
190.911    0.000190596
190.725    0.000195036
190.538    0.000199579
190.349    0.000204227
190.158    0.000208984
189.967    0.000213852
189.774    0.000218834
189.579    0.000223931
189.383    0.000229147
189.186    0.000234484
188.987    0.000239946
188.786    0.000245535
188.585    0.000251254
188.381    0.000257107
188.176    0.000263096
187.97    0.000269224
187.761    0.000275495
187.552    0.000281912
187.34    0.000288479
187.127    0.000295198
186.912    0.000302074
186.696     0.00030911
186.478    0.000316311
186.258    0.000323678
186.036    0.000331218
185.813    0.000338933
185.588    0.000346828
185.36    0.000354906
185.132    0.000363173
184.901    0.000371632
184.668    0.000380289
184.434    0.000389147
184.197    0.000398211
183.959    0.000407487
183.718    0.000416978
183.476    0.000426691
183.231     0.00043663
182.985      0.0004468
182.736    0.000457208
182.486    0.000467857
182.233    0.000478755
181.978    0.000489907
181.721    0.000501318
181.462    0.000512995
181.2    0.000524945
180.937    0.000537172
180.671    0.000549685
180.403    0.000562488
180.132     0.00057559
179.86    0.000588998
179.584    0.000602717
179.307    0.000616756
179.027    0.000631122
178.745    0.000645823
178.46    0.000660866
178.173     0.00067626
177.884    0.000692012
177.592    0.000708131
177.297    0.000724625
177    0.000741504
176.7    0.000758776
176.398     0.00077645
176.093    0.000794536
175.785    0.000813043
175.475    0.000831981
175.162     0.00085136
174.847    0.000871191
174.529    0.000891483
174.208    0.000912249
173.884    0.000933498
173.558    0.000955242
173.229    0.000977492
172.896     0.00100026
172.562     0.00102356
172.224      0.0010474
171.883      0.0010718
171.54     0.00109676
171.194     0.00112231
170.845     0.00114845
170.492      0.0011752
170.137     0.00120258
169.779     0.00123059
169.418     0.00125925
169.055     0.00128859
168.688      0.0013186
168.318     0.00134931
167.945     0.00138074
167.569     0.00141291
167.19     0.00144582
166.808     0.00147949
166.424     0.00151396
166.036     0.00154922
165.645     0.00158531
165.251     0.00162223
164.854     0.00166002
164.454     0.00169869
164.051     0.00173825
163.644     0.00177874
163.235     0.00182017
162.823     0.00186257
162.408     0.00190596
161.99     0.00195035
161.569     0.00199578
161.145     0.00204227
160.718     0.00208984
160.288     0.00213852
159.855     0.00218833
159.42      0.0022393
158.981     0.00229146
158.54     0.00234484
158.096     0.00239946
157.649     0.00245535
157.199     0.00251254
156.747     0.00257106
156.292     0.00263095
155.835     0.00269223
155.375     0.00275494
154.912     0.00281912
154.447     0.00288478
153.98     0.00295198
153.51     0.00302074
153.038      0.0030911
152.564      0.0031631
152.087     0.00323678
151.609     0.00331217
151.129     0.00338932
150.646     0.00346827
150.162     0.00354905
149.677     0.00363172
149.189     0.00371632
148.7     0.00380288
148.21     0.00389146
147.719      0.0039821
147.226     0.00407486
146.732     0.00416978
146.238      0.0042669
145.742     0.00436629
145.246     0.00446799
144.75     0.00457207
144.253     0.00467856
143.756     0.00478754
143.259     0.00489906
142.762     0.00501317
142.265     0.00512994
141.768     0.00524943
141.273     0.00537171
140.778     0.00549683
140.284     0.00562487
139.791     0.00575589
139.3     0.00588996
138.811     0.00602716
138.323     0.00616755
137.837     0.00631121
137.354     0.00645821
136.873     0.00660865
136.395     0.00676258
135.92      0.0069201
135.448     0.00708129
134.979     0.00724624
134.514     0.00741502
134.053     0.00758774
133.597     0.00776448
133.144     0.00794534
132.697     0.00813041
132.254     0.00831979
131.817     0.00851358
131.385     0.00871189
130.959     0.00891482
130.539     0.00912247
130.125     0.00933496
129.718      0.0095524
129.317      0.0097749
128.924      0.0100026
128.538      0.0102356
128.159       0.010474
127.788       0.010718
127.425      0.0109676
127.07      0.0112231
126.723      0.0114845
126.385       0.011752
126.056      0.0120258
125.736      0.0123059
125.425      0.0125925
125.123      0.0128858
124.83       0.013186
124.548      0.0134931
124.275      0.0138074
124.011       0.014129
123.758      0.0144581
123.515      0.0147949
123.281      0.0151395
123.058      0.0154922
122.845       0.015853
122.642      0.0162223
122.45      0.0166002
122.267      0.0169868
122.095      0.0173825
121.932      0.0177874
121.78      0.0182017
121.638      0.0186257
121.505      0.0190595
121.383      0.0195035
121.27      0.0199578
121.167      0.0204226
121.073      0.0208983
120.989      0.0213851
120.913      0.0218833
120.847       0.022393
120.79      0.0229146
120.741      0.0234483
120.701      0.0239945
120.669      0.0245534
120.645      0.0251253
120.629      0.0257106
120.621      0.0263095
120.62      0.0269223
120.627      0.0275494
120.641      0.0281911
120.662      0.0288477
120.689      0.0295197
120.723      0.0302073
120.764      0.0309109
120.81      0.0316309
120.863      0.0323677
120.921      0.0331216
120.985      0.0338931
121.054      0.0346826
121.129      0.0354905
121.209      0.0363172
121.293      0.0371631
121.383      0.0380287
121.477      0.0389145
121.576       0.039821
121.679      0.0407485
121.787      0.0416977
121.899      0.0426689
122.015      0.0436628
122.135      0.0446798
122.259      0.0457206
122.387      0.0467855
122.519      0.0478753
122.654      0.0489905
122.794      0.0501316
122.937      0.0512993
123.083      0.0524942
123.234       0.053717
123.388      0.0549682
123.545      0.0562486
123.706      0.0575588
123.871      0.0588995
124.039      0.0602714
124.211      0.0616753
124.386      0.0631119
124.565       0.064582
124.748      0.0660863
124.934      0.0676257
125.124      0.0692009
125.318      0.0708128
125.515      0.0724622
125.716      0.0741501
125.921      0.0758772
126.129      0.0776446
126.342      0.0794532
126.558      0.0813039
126.779      0.0831977
127.003      0.0851356
127.231      0.0871187
127.464       0.089148
127.7      0.0912245
127.941      0.0933494
128.186      0.0955237
128.435      0.0977488
128.689       0.100026
128.947       0.102356
129.209        0.10474
129.476       0.107179
129.748       0.109676
130.024       0.112231
130.304       0.114845
130.59        0.11752
130.88       0.120257
131.175       0.123058
131.474       0.125925
131.779       0.128858
132.088       0.131859
132.403       0.134931
132.722       0.138074
133.047        0.14129
133.377       0.144581
133.712       0.147949
134.052       0.151395
134.398       0.154921
134.749        0.15853
135.105       0.162223
135.467       0.166001
135.834       0.169868
136.207       0.173825
136.585       0.177873
136.969       0.182017
137.359       0.186256
137.754       0.190595
138.156       0.195034
138.563       0.199577
138.976       0.204226
139.394       0.208983
139.819       0.213851
140.25       0.218832
140.687       0.223929
141.13       0.229145
141.579       0.234483
142.034       0.239945
142.496       0.245534
142.964       0.251253
143.438       0.257105
143.918       0.263094
144.405       0.269222
144.899       0.275493
145.398        0.28191
145.905       0.288477
146.417       0.295196
146.937       0.302072
147.463       0.309108
147.995       0.316309
148.535       0.323676
149.081       0.331216
149.634       0.338931
150.193       0.346825
150.76       0.354904
151.333       0.363171
151.914        0.37163
152.501       0.380286
153.095       0.389144
153.696       0.398209
154.305       0.407484
154.92       0.416976
155.543       0.426688
156.172       0.436627
156.809       0.446797
157.453       0.457205
158.105       0.467854
158.763       0.478752
159.429       0.489904
160.102       0.501315
160.783       0.512992
161.471       0.524941
162.167       0.537169
162.87       0.549681
163.58       0.562485
164.298       0.575587
165.024       0.588994
165.757       0.602713
166.498       0.616752
167.246       0.631118
168.003       0.645819
168.767       0.660862
169.538       0.676255
170.318       0.692007
171.105       0.708126
171.901       0.724621
172.704       0.741499
173.515       0.758771
174.334       0.776445
175.161       0.794531
175.996       0.813038
176.84       0.831976
177.691       0.851355
178.551       0.871186
179.418       0.891478
180.295       0.912243
181.179       0.933492
182.071       0.955236
182.972       0.977486
183.882        1.00025
184.8        1.02355
185.726         1.0474
186.661        1.07179
187.604        1.09676
188.557         1.1223
189.517        1.14845
190.487         1.1752
191.465        1.20257
192.452        1.23058
193.448        1.25925
194.453        1.28858
195.467        1.31859
196.49        1.34931
197.522        1.38074
198.563         1.4129
199.613        1.44581
200.673        1.47949
201.742        1.51395
202.82        1.54921
203.908         1.5853
205.005        1.62222
206.112        1.66001
207.228        1.69868
208.354        1.73824
209.49        1.77873
210.636        1.82016
211.792        1.86256
212.957        1.90595
214.133        1.95034
215.319        1.99577
216.515        2.04226
217.722        2.08983
218.939        2.13851
220.166        2.18832
221.404        2.23929
222.653        2.29145
223.912        2.34483
225.182        2.39944
226.464        2.45533
227.756        2.51253
229.059        2.57105
230.374        2.63094
231.7        2.69222
233.037        2.75493
234.387         2.8191
235.747        2.88477
237.12        2.95196
238.504        3.02072
239.901        3.09108
241.31        3.16308
242.731        3.23676
244.164        3.31215
245.61         3.3893
247.069        3.46825
248.54        3.54904
250.025         3.6317
251.523         3.7163
253.034        3.80286
254.558        3.89144
256.096        3.98208
257.647        4.07484
259.213        4.16975
260.792        4.26688
262.386        4.36627
263.994        4.46797
265.617        4.57204
267.255        4.67854
268.907        4.78752
270.575        4.89903
272.257        5.01315
273.956        5.12992
275.67        5.24941
277.4        5.37168
279.146         5.4968
280.908        5.62484
282.687        5.75586
284.483        5.88993
286.295        6.02713
288.125        6.16752
289.972        6.31117
291.837        6.45818
293.72        6.60861
295.621        6.76255
297.54        6.92007
299.479        7.08125
301.436         7.2462
303.412        7.41498
305.408         7.5877
307.423        7.76444
309.459         7.9453
311.515        8.13037
313.591        8.31975
315.689        8.51354
317.807        8.71184
319.947        8.91477
322.11        9.12242
324.294        9.33491
326.501        9.55235
328.73        9.77485
330.983        10.0025
333.259        10.2355
335.56        10.4739
337.884        10.7179
340.233        10.9676
342.607         11.223
345.007        11.4844
347.432         11.752
349.883        12.0257
352.361        12.3058
354.866        12.5924
357.398        12.8858
359.958        13.1859
362.546         13.493
365.163        13.8073
367.809        14.1289
370.484        14.4581
373.19        14.7948
375.926        15.1394
378.692        15.4921
381.49        15.8529
384.32        16.2222
387.183        16.6001
390.078        16.9867
393.006        17.3824
395.968        17.7873
398.965        18.2016
401.996        18.6256
405.063        19.0594
408.166        19.5034
411.306        19.9577
414.482        20.4225
417.696        20.8982
420.949         21.385
424.24        21.8831
427.57        22.3929
430.94        22.9145
434.351        23.4482
437.803        23.9944
441.297        24.5533
444.833        25.1252
448.413        25.7104
452.036        26.3093
455.703        26.9221
459.415        27.5492
463.173        28.1909
466.977        28.8476
470.828        29.5195
474.727        30.2071
478.673        30.9108
482.67        31.6308
486.715        32.3675
490.812        33.1215
494.959         33.893
499.158        34.6824
503.41        35.4903
507.716         36.317
512.075        37.1629
516.49        38.0285
520.96        38.9143
525.486        39.8208
530.07        40.7483
534.712        41.6974
539.412        42.6687
544.173        43.6626
548.993        44.6796
553.875        45.7203
558.819        46.7853
563.826        47.8751
568.897        48.9902
574.032        50.1313
579.233        51.2991
584.5         52.494
589.835        53.7167
595.237        54.9679
600.709        56.2483
606.25        57.5585
611.863        58.8992
617.547        60.2711
623.304         61.675
629.134        63.1116
635.039        64.5817
641.02         66.086
647.077        67.6253
653.211        69.2005
659.424        70.8124
665.716        72.4618
672.089        74.1497
678.543        75.8768
685.08        77.6442
691.7        79.4528
698.404        81.3035
705.194        83.1973
712.07        85.1352
719.035        87.1182
726.088        89.1475
733.23         91.224
740.464        93.3489
747.789        95.5233
755.208        97.7483
762.721        100.025
